453 2040
2 3 4 5 
1 3 4 5 12 37 26 38 82 13 95 96 97 98 56 99 108 2 51 112 113 114 117 118 115 87 86 15 121 131 57 130 132 134 135 140 147 148 150 152 182 58 183 184 185 192 194 195 198 199 200 201 203 202 205 206 207 237 238 243 244 245 246 249 253 264 166 268 269 270 287 288 267 298 251 55 302 278 301 62 146 144 190 311 138 312 315 154 328 327 103 104 344 341 349 356 179 369 370 393 258 398 399 400 397 402 401 404 89 411 412 25 110 159 416 386 279 428 429 435 235 275 233 193 
1 2 4 5 
1 2 3 5 12 37 26 38 82 13 108 97 118 115 87 86 15 120 58 121 131 57 130 51 140 184 185 264 166 267 298 306 278 348 72 349 154 109 
1 2 3 4 15 59 60 79 80 86 85 12 87 65 98 97 56 99 105 106 107 109 108 111 51 112 113 114 117 132 47 133 49 135 136 140 58 183 123 184 193 189 208 209 210 250 251 252 253 254 247 160 82 13 268 269 270 283 284 285 286 164 7 301 9 304 305 57 131 309 190 311 138 312 315 125 153 324 325 328 327 329 103 104 344 341 120 348 356 179 38 390 290 391 392 398 399 400 397 402 401 404 55 89 243 434 203 275 148 
7 8 9 
5 6 8 9 10 11 17 18 20 21 23 24 15 37 39 40 41 42 43 44 46 48 52 57 51 58 62 61 64 65 73 74 88 89 92 56 125 126 127 133 134 168 70 250 261 255 81 82 262 273 271 290 78 279 297 164 301 144 299 310 308 339 345 120 349 373 374 379 377 408 409 449 450 12 344 
6 7 9 15 37 
5 6 7 8 10 11 17 18 20 21 23 24 15 37 39 40 41 42 43 44 46 48 52 57 51 58 62 61 64 65 73 74 88 89 92 56 125 126 127 133 134 168 70 250 261 255 81 82 262 273 271 290 78 279 297 164 301 144 299 310 308 339 345 120 349 373 374 379 377 408 409 449 450 12 344 
7 9 11 15 30 
7 9 10 12 13 14 
2 4 5 7 9 11 13 14 24 34 37 26 38 42 44 29 40 32 21 33 18 35 82 83 84 85 86 87 65 15 89 90 94 78 88 328 97 327 343 337 345 344 371 372 378 407 60 417 419 420 421 56 448 449 450 445 446 
2 4 5 11 12 14 24 34 42 44 29 40 32 21 33 18 35 82 38 15 89 90 94 78 88 87 86 345 344 371 372 378 407 84 60 417 
11 12 13 25 27 31 
2 4 5 7 8 9 10 12 13 16 17 19 20 22 23 37 31 39 28 43 30 36 41 48 50 52 58 51 47 49 59 60 64 65 69 71 72 73 74 76 25 77 27 79 80 81 82 88 89 90 91 92 42 94 103 104 108 105 109 110 119 120 121 125 122 123 124 126 66 128 129 130 131 135 136 139 138 114 143 144 145 146 140 147 149 150 151 153 154 155 156 157 158 159 162 163 56 173 174 175 176 177 178 97 183 186 55 187 188 189 190 191 192 193 196 197 201 202 204 203 239 240 246 38 247 248 250 251 252 273 271 276 277 283 284 285 286 226 293 300 57 309 310 87 318 319 320 323 324 325 329 210 259 312 330 134 54 15 331 332 333 334 335 338 339 346 347 348 349 107 78 350 302 287 356 179 359 211 360 361 362 363 364 365 366 367 368 267 370 371 372 373 378 380 379 389 387 390 290 391 392 394 86 166 401 402 400 403 409 180 414 415 423 424 425 426 427 430 431 432 433 436 437 438 439 440 235 441 245 442 443 444 141 448 449 447 452 453 
15 17 25 34 27 
7 9 15 16 18 
7 9 12 13 17 35 
15 20 25 32 27 
7 9 15 19 21 
7 9 12 13 20 33 
15 23 25 33 27 
7 9 15 22 24 
7 9 12 13 23 34 
2 14 15 16 19 22 26 27 28 29 30 31 32 33 34 35 36 76 77 65 72 144 299 327 56 337 338 412 38 418 419 446 447 
2 4 12 25 27 28 37 38 419 420 60 421 56 
14 15 16 19 22 25 26 28 29 30 31 32 33 34 35 36 76 77 65 72 144 299 327 56 337 338 418 419 446 447 
15 25 26 27 43 
12 13 25 27 30 44 
10 15 25 27 29 
14 15 25 27 39 
12 13 19 25 27 40 
12 13 21 22 25 27 
12 13 16 24 25 27 
12 13 18 25 27 36 
15 25 27 35 41 327 56 
2 4 7 8 9 12 15 26 38 
2 4 5 12 13 15 25 26 37 82 100 99 101 102 115 116 112 131 57 130 51 166 161 167 170 171 172 184 185 246 202 274 275 235 273 164 148 144 296 308 307 323 324 349 154 351 352 356 179 195 394 86 109 395 396 401 210 412 159 416 165 66 439 
7 9 15 31 40 
7 9 12 13 32 39 
7 9 15 36 42 
7 9 12 13 15 41 94 
7 9 15 28 44 
7 9 12 13 29 43 
46 54 55 56 
7 9 45 47 48 49 
5 15 46 48 49 52 58 51 62 61 64 65 81 82 94 95 113 114 126 127 132 133 134 173 66 174 175 176 177 178 241 242 248 249 277 56 266 278 276 291 292 144 299 315 125 154 120 319 321 322 92 408 409 421 418 434 438 189 443 
7 9 15 46 47 49 50 
5 15 46 47 48 52 58 51 62 61 64 65 81 82 94 95 113 114 126 127 132 133 134 173 66 174 175 176 177 178 241 242 248 249 277 56 266 278 276 291 292 144 299 315 125 154 120 319 321 322 92 408 409 421 418 434 438 189 443 
15 48 51 52 53 
2 4 5 7 9 15 38 47 49 50 52 53 57 58 61 59 63 64 74 75 112 113 97 114 117 123 125 131 89 130 141 142 160 161 55 70 169 268 269 270 56 183 190 311 313 314 315 87 318 323 349 154 375 376 166 401 402 400 371 410 439 440 275 148 
7 9 15 47 49 50 51 53 57 58 61 59 63 64 74 75 93 56 83 92 123 125 131 89 141 142 70 169 255 256 257 375 376 371 410 
50 51 52 55 142 342 
15 45 55 56 134 58 332 190 136 
2 5 15 45 51 53 54 56 75 78 57 160 161 58 170 186 187 190 191 211 212 213 142 138 60 97 251 342 353 93 407 104 89 408 297 410 371 
2 5 7 9 12 15 25 26 27 36 45 47 49 51 52 54 55 66 70 67 93 83 92 98 97 99 162 163 168 172 173 104 58 183 277 266 57 307 233 63 327 342 343 374 375 377 123 381 397 398 405 406 407 408 60 421 436 437 444 141 371 445 450 344 
2 4 5 7 9 15 38 51 52 55 56 131 130 160 161 97 183 58 349 154 166 401 402 400 275 148 
2 4 5 7 9 15 47 49 51 52 54 55 56 57 108 105 119 82 120 130 131 160 161 97 183 186 187 188 189 190 191 192 193 196 197 201 202 204 203 72 313 314 114 316 139 317 154 134 332 336 333 368 267 60 136 436 437 444 141 275 148 
5 15 51 52 60 61 
5 12 13 15 26 55 56 58 59 139 138 114 163 164 165 142 331 332 417 421 297 191 190 
7 9 47 49 51 52 59 62 
2 7 9 47 49 61 301 97 300 279 
51 52 56 64 
7 9 15 47 49 51 52 63 65 
5 7 9 12 15 25 27 47 49 64 86 85 87 72 92 78 
15 38 47 49 56 67 68 70 128 129 173 174 175 176 177 178 258 259 260 290 78 414 415 138 103 422 165 439 
56 66 68 70 
66 67 69 
15 68 71 72 
7 9 51 52 56 66 67 168 169 
15 69 72 
4 15 25 27 58 65 69 71 88 185 122 131 348 399 396 
7 9 15 74 77 
7 9 15 51 52 73 75 
51 52 55 74 78 
15 25 27 77 
15 25 27 73 76 
7 9 12 13 15 55 65 66 75 88 92 290 142 138 259 
5 15 80 
5 15 79 
7 9 15 47 49 82 137 138 262 136 
2 4 5 7 9 12 13 15 38 47 49 58 81 119 87 86 370 368 417 191 190 
12 52 56 84 85 93 
12 13 83 85 343 337 407 445 446 
5 12 65 83 84 86 87 340 
2 4 5 12 13 15 38 65 82 85 87 97 226 227 228 229 230 231 219 154 120 131 348 394 
2 4 5 12 13 15 51 65 82 85 86 97 153 318 323 120 131 348 
7 9 12 13 15 72 78 89 
2 5 7 9 12 13 15 51 52 55 88 90 131 104 97 
12 13 15 89 91 
15 90 92 
7 9 15 47 49 52 56 65 78 91 
52 55 56 83 342 343 407 371 445 
12 13 15 42 47 49 95 
2 47 49 94 96 97 
2 95 97 98 
2 4 5 12 15 51 55 56 57 58 62 86 87 89 95 96 98 99 108 97 112 113 114 117 131 132 134 135 147 148 150 152 182 183 192 194 195 198 199 200 201 203 202 205 206 207 237 238 243 244 245 246 249 253 268 269 270 287 288 267 298 251 302 278 301 306 146 144 190 311 138 312 315 154 328 327 103 104 344 341 369 370 393 258 398 399 400 397 402 401 404 411 412 110 264 416 386 279 428 429 435 235 275 233 193 
2 5 56 96 97 99 
2 5 38 56 97 98 100 101 294 295 
38 99 101 
38 99 100 
38 
2 5 15 66 97 104 103 422 259 451 
2 5 15 55 56 89 97 103 104 344 341 
5 15 58 106 107 108 110 
5 105 107 109 108 193 189 
5 15 105 106 110 
2 4 5 15 58 97 105 106 109 110 111 180 331 
4 5 15 38 106 108 110 111 166 
2 15 97 105 107 108 109 329 210 264 
5 108 109 329 210 
2 5 38 51 97 113 115 116 
2 5 47 49 51 97 112 114 139 202 244 
2 5 15 47 49 51 58 60 97 113 117 139 138 316 317 268 396 403 404 402 413 331 356 
2 4 38 112 116 118 
38 112 115 
2 5 51 97 114 
2 4 115 325 326 
15 58 82 
4 5 7 9 15 47 49 58 86 87 154 131 348 349 403 
2 4 15 
15 72 123 124 185 
5 15 51 52 56 122 124 125 183 184 381 
15 122 123 
5 7 9 15 47 49 51 52 123 126 315 
7 9 15 47 49 125 127 
7 9 47 49 126 355 127 
15 66 129 
15 66 128 
2 4 15 38 51 57 58 131 
2 4 5 15 38 51 52 57 58 72 86 87 89 97 120 130 132 184 185 183 309 348 398 399 
2 5 47 49 97 131 133 
5 7 9 47 49 132 134 
2 7 9 15 47 49 54 58 97 133 135 
2 5 15 97 134 136 
5 15 54 58 81 135 138 
81 138 
2 5 15 55 60 66 78 81 97 114 136 137 139 142 311 312 401 404 414 259 415 
15 58 60 113 114 138 202 244 316 317 
2 4 5 15 
15 51 52 56 58 142 444 
51 52 53 55 60 78 138 141 342 297 410 371 
15 144 145 
2 7 9 15 25 27 38 47 49 97 143 145 146 148 296 299 352 391 182 
15 143 144 146 
2 15 97 144 145 146 427 426 
2 15 97 148 149 150 151 182 214 215 
2 5 38 51 57 58 97 144 147 214 215 296 351 352 195 275 
15 147 150 151 235 245 
2 15 97 147 149 151 152 201 150 
15 147 149 150 386 387 388 389 191 235 245 
2 97 150 
5 15 87 154 
2 4 15 38 47 49 51 57 58 86 97 120 153 349 166 210 
15 156 157 158 159 
15 155 157 
15 155 156 
15 155 159 
2 15 38 155 158 416 
5 51 55 57 58 161 168 170 254 
38 51 55 57 58 160 166 167 
15 56 163 167 
15 56 60 162 164 165 
5 7 9 38 60 163 165 263 264 265 250 267 279 275 273 288 289 298 299 301 303 304 305 
38 60 66 163 164 439 
2 4 15 38 51 57 109 154 161 167 264 308 307 395 396 401 210 
38 161 162 166 
7 9 56 70 160 
51 52 70 
38 55 160 171 172 
38 170 172 
38 56 170 171 173 
15 47 49 56 66 172 174 
15 47 49 66 173 179 175 180 
15 47 49 66 174 176 179 180 
15 47 49 66 175 179 177 180 
15 47 49 66 176 178 179 180 
15 47 49 66 177 179 181 180 
2 5 15 38 174 175 176 177 178 180 181 356 
15 108 174 175 176 177 178 179 181 331 
178 179 180 
2 97 144 147 192 352 391 
2 5 15 51 56 57 58 97 123 131 184 309 
2 4 5 38 123 131 183 185 
2 4 38 72 122 131 184 
15 55 58 187 
15 55 58 186 190 191 
15 58 189 
5 15 47 49 58 106 188 193 443 209 203 
2 5 15 51 54 55 58 60 82 97 187 191 311 332 417 
15 55 58 60 82 151 187 190 389 387 417 
2 15 58 97 182 193 
2 5 15 58 97 106 189 192 233 
2 97 195 
2 38 97 148 194 352 
15 58 197 
15 58 196 
2 97 199 200 
2 97 198 
2 97 198 
2 15 58 97 150 202 
2 15 38 58 97 113 139 201 203 245 246 244 
2 5 15 58 97 189 202 204 209 
15 58 203 
2 97 206 207 
2 97 205 
2 97 205 
5 209 210 
5 189 203 208 210 243 434 
5 15 38 110 111 154 166 208 209 329 
15 55 212 213 359 312 
55 211 213 353 
55 211 212 353 
147 148 215 216 217 218 219 220 221 222 223 224 225 236 
147 148 214 232 233 234 
214 217 218 236 
214 216 218 225 236 
214 216 217 
86 214 220 221 231 226 219 
214 219 221 222 223 224 225 
214 219 220 222 
214 220 221 223 
214 220 222 224 
214 220 223 225 
214 217 220 224 236 
15 86 219 227 228 229 230 231 293 
86 226 228 232 234 235 
86 226 227 229 
86 226 228 230 
86 226 229 231 
86 219 226 230 
215 227 233 234 235 
2 56 97 193 215 232 234 307 235 
215 227 232 233 235 
2 15 38 97 149 151 227 232 233 234 274 275 273 280 281 279 285 441 245 442 387 
214 216 217 225 
2 97 238 244 
2 97 237 
15 240 
15 239 241 
47 49 240 242 
47 49 241 
2 5 97 209 244 434 435 
2 97 113 139 202 237 243 
2 15 97 149 151 202 235 246 441 442 387 
2 15 38 97 202 245 
5 15 248 252 
15 47 49 247 249 
2 47 49 97 248 253 
5 7 9 15 164 251 252 261 267 263 265 
2 5 15 55 97 250 252 253 254 300 
5 15 247 250 251 
2 5 97 249 251 254 
5 160 251 253 
7 9 52 256 257 261 
52 255 257 
52 255 256 
2 66 97 259 260 393 
15 66 78 103 138 258 260 312 330 290 414 415 422 
66 258 259 
7 9 250 255 
7 9 81 
164 250 264 265 267 
2 4 97 110 164 166 263 265 266 
164 250 263 264 266 267 
47 49 56 264 265 277 
2 4 15 58 97 164 250 263 265 298 278 368 
2 5 51 97 114 269 396 403 404 402 
2 5 51 97 268 270 
2 5 51 97 269 
7 9 15 272 273 
271 
7 9 15 38 164 235 271 274 275 280 281 279 285 288 289 
38 235 273 275 
2 5 38 51 57 58 97 148 164 235 273 274 
15 47 49 277 278 
15 47 49 56 266 276 
2 4 47 49 97 267 276 283 302 306 
2 7 9 62 97 164 235 273 285 297 
235 273 281 
235 273 280 282 
281 
5 15 278 284 
5 15 283 
5 15 235 273 279 286 
5 15 285 
2 15 97 288 350 302 
2 97 164 273 287 289 
164 273 288 
5 7 9 15 66 78 259 390 
47 49 292 293 
47 49 291 
15 226 291 
99 295 
99 294 
38 144 148 
7 9 55 60 142 279 
2 4 97 164 267 299 303 
7 9 25 27 47 49 144 164 298 
15 62 251 
2 5 7 9 62 97 164 304 305 
2 15 97 278 287 350 
164 298 
5 164 301 305 
5 164 301 304 
4 97 278 
38 56 166 233 308 
7 9 38 166 307 310 
5 15 131 183 310 
7 9 15 308 309 
2 5 51 97 138 190 312 
2 5 15 97 138 211 259 311 330 359 
51 58 314 313 
51 58 313 
2 5 47 49 51 97 125 
58 114 139 317 
58 114 139 316 
15 51 87 319 320 
15 47 49 318 320 321 
15 318 319 
47 49 319 322 
47 49 321 
15 38 51 87 324 
5 15 38 323 325 
5 15 118 324 326 
118 325 
2 5 12 25 27 36 56 97 328 
2 5 12 97 327 
5 15 110 111 210 
15 259 312 
15 60 108 114 180 332 413 356 
15 54 58 60 190 331 
15 58 334 336 
15 333 335 
15 334 
58 333 
12 25 27 84 338 343 
15 25 27 337 339 
7 9 15 338 345 
85 341 
2 5 97 104 340 344 
53 55 56 93 142 343 
12 56 84 93 337 342 
2 5 7 9 12 13 56 97 104 341 345 450 
7 9 12 13 339 344 
15 347 346 
15 346 
4 5 15 72 86 87 120 131 
2 4 7 9 15 38 51 57 120 154 452 453 
15 287 302 
38 148 352 
38 144 148 182 195 351 391 
55 212 213 
355 354 
127 354 355 
2 5 15 38 114 179 331 413 
358 359 
357 
15 211 312 357 
15 361 362 
15 360 362 
15 360 361 
15 364 365 366 367 
15 363 365 
15 363 364 
15 363 367 
15 363 366 
15 58 82 267 370 
2 97 370 
2 15 82 97 368 369 
12 13 15 51 52 55 56 93 142 372 378 409 410 445 
12 13 15 371 373 
7 9 15 372 374 
7 9 56 373 375 
51 52 56 374 376 377 
51 52 375 
7 9 56 375 379 
12 13 15 371 380 
7 9 15 377 380 
15 378 379 
56 123 382 383 384 
381 383 384 385 
381 382 384 385 
381 382 383 385 
382 383 384 
2 97 151 387 388 389 416 
15 151 191 235 245 386 388 389 
151 386 387 389 
15 151 191 386 387 388 
5 15 290 
5 15 144 182 352 392 
5 15 391 
2 97 258 
15 38 86 
38 166 396 
38 72 114 166 268 395 399 403 
2 5 56 97 398 400 
2 5 56 97 131 397 399 
2 5 72 97 131 396 398 
2 5 15 51 57 97 397 402 
2 5 15 38 51 57 97 138 166 404 
2 5 15 51 57 97 114 268 400 404 
15 114 120 268 396 
2 5 97 114 138 268 401 402 
56 406 
56 405 
12 13 55 56 84 93 
7 9 47 49 55 56 408 409 
7 9 15 47 49 371 408 
51 52 55 142 371 
2 97 412 
2 25 38 97 411 
114 331 356 
15 66 138 259 415 
15 66 138 259 414 
2 38 97 159 386 
12 13 60 82 190 191 
25 27 47 49 419 421 
12 25 26 27 418 420 
12 26 419 
12 26 47 49 56 60 418 
66 103 259 
15 424 425 426 
15 423 425 426 427 
15 423 424 426 427 
15 146 423 424 425 427 
15 146 424 425 426 
2 97 429 435 
2 97 428 
15 431 432 
15 430 432 433 
15 430 431 433 
15 431 432 
5 47 49 209 243 438 
2 97 243 428 
15 56 58 437 438 
15 56 58 436 
15 47 49 434 436 
15 38 51 66 165 440 
15 51 439 
15 235 245 442 
15 235 245 441 
15 47 49 189 444 
15 56 58 141 443 
12 56 84 93 371 446 
12 25 27 84 445 447 
15 25 27 446 448 
12 15 447 449 
7 9 12 15 448 450 
7 9 12 56 344 449 
103 451 
15 349 453 
15 349 452 
