136 157
2 3 4 7 8 10 13 17 21 24 25 26 27 28 30 31 34 35 41 45 46 53 55 59 62 64 65 70 71 73 76 80 82 84 86 91 92 93 94 96 102 103 106 107 109 110 114 115 116 117 119 120 122 125 126 131 135 136 
1 3 31 36 37 40 43 50 58 74 89 98 105 106 124 126 134 
1 2 4 8 14 15 31 39 41 55 56 60 77 84 89 99 101 105 118 126 130 136 
1 3 5 9 11 12 16 18 19 20 22 23 29 33 38 42 44 47 49 51 52 54 57 61 63 66 67 68 69 72 75 78 79 81 83 85 87 88 90 95 97 100 104 106 108 111 113 121 125 126 127 128 129 132 133 
4 6 10 27 32 38 45 48 112 123 129 
5 
1 
1 3 
4 
1 5 
4 
4 
1 
3 
3 
4 
1 
4 
4 
4 
1 
4 
4 
1 
1 
1 
1 5 
1 
4 
1 
1 2 3 
5 
4 
1 
1 
2 
2 
4 5 
3 
2 
1 3 
4 
2 
4 
1 5 
1 
4 
5 
4 
2 
4 
4 
1 
4 
1 3 
3 
4 
2 
1 
3 
4 
1 
4 
1 
1 
4 
4 
4 
4 
1 
1 
4 
1 
2 
4 
1 
3 
4 
4 
1 
4 
1 
4 
1 3 
4 
1 
4 
4 
2 3 
4 
1 
1 
1 
1 
4 
1 
4 
2 
3 
4 
3 
1 
1 
4 
2 3 
1 2 4 
1 
4 
1 
1 
4 
5 
4 
1 
1 
1 
1 
3 
1 
1 
4 
1 
5 
2 
1 4 
1 2 3 4 
4 
4 
4 5 
3 
1 
4 
4 
2 
1 
1 3 
