4280 7139
234 
1964 1965 1966 1967 1968 1969 1970 
6 
636 3126 3130 5 3330 3332 3333 
4 636 
3 3910 1759 978 
4200 9 
4200 
7 1183 3608 4200 
1743 2983 
1598 1980 2863 4240 3554 12 13 14 16 3055 3056 3057 3058 
11 1598 1980 4240 3554 13 14 16 
11 12 1598 1980 4240 3554 14 16 
11 12 13 1598 1980 4240 3554 16 
662 2109 2212 308 3836 3292 791 
11 12 13 14 1598 1980 4240 3554 
18 
17 2985 2173 
20 23 25 28 464 
19 
1593 1595 557 2860 560 563 2323 
1593 
19 35 636 637 
1733 571 
19 
49 
1163 3418 
19 858 
32 864 
810 
423 429 
29 
1036 1037 
1055 1056 1057 174 1058 
23 669 96 101 108 1135 1136 1137 
2793 2963 
452 
464 2729 66 39 40 
38 2729 66 
38 2729 66 
3745 43 44 
3761 
41 44 
41 43 47 
1219 1220 856 
684 3269 
44 1546 1549 
929 2828 3756 3757 
26 1223 1225 1151 1226 
1222 766 1224 
1056 1379 1558 2656 2657 2658 2660 
1063 
947 
2589 1009 2662 
1256 1257 1258 1262 
1162 2210 
905 2447 72 74 117 
890 
76 1339 
1353 
63 1777 64 72 67 68 
71 69 
61 1777 64 72 67 68 
61 63 1777 72 67 68 
1878 1335 1717 75 2326 902 3961 
38 39 40 2729 
61 63 64 1777 72 68 
61 63 64 67 1777 72 
62 
1576 3160 3635 1760 3472 
62 73 76 1343 
57 61 63 64 67 68 1777 74 
71 76 
57 72 
65 
59 71 73 
2688 2920 
2855 3210 
1287 81 1851 4250 
3119 
79 1287 3733 
2691 1316 
1421 2794 3543 2248 3234 
2692 1495 2701 2702 3717 
2337 3962 492 2553 
703 3343 2409 2410 
1506 
3599 720 660 3261 
3801 
2777 
2852 
304 
3828 457 1787 101 1384 
2445 354 101 102 103 
2548 266 1150 1153 100 101 973 109 1437 
35 669 3795 1189 3894 101 108 
1738 
579 
256 974 354 1150 100 1159 101 4079 815 331 332 
95 99 1150 101 3200 
35 93 94 95 96 99 100 354 1154 108 109 
94 103 
94 102 
447 2582 107 2956 2957 
609 4002 
1144 
104 3834 3837 
35 96 101 4210 943 1823 1473 
95 101 
1351 1360 1223 1390 1392 1477 1479 
2189 
1184 1217 
2086 3253 
1547 130 2682 2683 
656 2354 3362 116 2687 2330 1422 
115 2354 3362 2068 
57 145 
1730 1731 1733 
145 
121 124 126 125 
120 124 126 125 
3189 138 150 
1048 
120 121 126 125 
120 121 124 145 126 1995 129 
120 121 124 125 
2665 1343 3960 987 4103 
2501 436 1935 
125 145 
114 132 
3525 1252 
130 2021 181 147 154 
1107 
1055 3320 2055 2665 2399 3692 2668 152 162 163 164 165 
3436 3437 3444 3445 3448 
1691 137 3615 786 1295 
136 1691 159 160 161 2135 
122 2563 1609 146 150 153 
1919 1707 
3178 1944 274 
550 
3533 1609 
3320 144 155 
143 3320 2084 155 
117 119 125 129 
138 
132 154 
360 149 
148 360 2661 4026 4028 4039 4040 
122 138 153 
3920 3539 1290 2383 2384 2385 2386 630 631 632 
134 1057 162 163 164 165 
138 150 
132 147 
143 144 2084 
1063 3582 158 157 2169 2204 
156 713 2204 
156 319 
137 161 
137 2135 
137 159 
134 152 163 164 165 
134 152 162 164 165 
134 152 162 163 165 
134 152 162 163 164 
1232 
173 178 180 183 
1179 
1074 1179 
1179 3185 
415 2695 3987 
1318 1320 1321 
167 178 180 183 
34 3528 1235 1236 1240 1058 1249 1311 708 1668 
217 2917 2020 2023 2080 2081 
1182 177 
176 1182 3606 
167 173 180 183 
1322 180 
167 173 178 179 1322 183 189 
132 1344 2021 2169 182 
181 1344 2169 
167 173 178 180 
2933 2948 2947 
4258 375 376 
1511 190 
657 191 
342 1579 1781 3052 
180 
186 1658 
187 657 
2034 
4017 1180 3706 
2990 2992 
217 218 220 221 222 223 225 227 
385 1264 230 
3496 
697 203 204 232 235 243 241 
4129 955 2868 
3903 
202 2150 
201 2150 
198 204 
198 203 
1636 3903 206 
205 1636 3903 
2147 2149 
1428 4025 3604 
285 336 2099 
1271 2078 
3807 
1824 2018 2138 
500 2211 214 216 
213 500 2211 216 
344 
213 214 500 2211 
175 195 1678 2390 3527 2413 220 2414 349 2020 350 
195 2595 
3749 
195 217 3527 
195 
195 1230 1318 2584 2305 1173 1751 
195 3320 1609 2059 2060 
226 1964 
195 227 
224 2624 
195 225 
3128 247 2216 2217 2218 
4096 2633 
196 3463 3468 1532 3291 
1200 
198 246 
695 238 239 
1 3432 3548 
198 246 2662 269 
247 249 2425 3841 
1891 1371 299 
233 695 239 
233 238 3920 695 
2776 
198 697 269 1755 
2626 
198 684 
295 
3306 1839 
232 235 382 2595 1680 383 1470 
228 236 3873 248 249 
247 
236 247 
3528 3875 2376 566 251 
250 2376 
1522 837 1640 1156 844 
3528 2641 
717 2225 261 262 263 264 971 1587 1588 1589 1590 972 
1110 3109 3318 3319 329 
99 1159 330 331 332 
3578 
260 
3144 2929 
258 2929 
254 717 262 263 264 971 1587 1588 1589 1590 
254 261 717 845 263 264 750 752 694 
254 261 262 717 525 264 2372 652 
254 261 262 263 717 
266 267 3811 843 3000 3581 932 947 
95 265 267 932 1165 
265 266 519 
2598 
235 241 697 446 
4030 3440 3415 
4226 501 276 
1018 1197 2961 3737 3385 3386 3387 
3943 
140 
3966 2755 1653 
271 4226 
1228 
704 715 2834 1173 281 
280 284 4053 4128 
279 
278 704 789 2834 
2662 2044 
2755 
279 
209 989 3876 3916 2099 336 
701 1044 
3276 1737 1942 
3986 1748 2466 
3090 348 3101 
1067 1064 292 306 
482 294 
290 1060 306 
1264 2838 301 
291 482 
244 1823 
1264 462 3438 2734 1087 2069 2027 2070 2072 2073 2074 
1264 1318 298 
297 1264 
237 
457 754 
293 1264 
343 307 304 305 
309 3291 3298 312 3484 
92 302 3292 3809 2703 
302 1063 307 
290 292 1841 1983 
302 305 309 2221 
15 633 2109 2212 312 316 
303 307 312 316 3484 
311 313 
310 313 359 
303 308 309 633 316 3484 
310 311 1937 359 
1517 317 
1350 3129 3748 2001 3371 2007 2011 3372 
308 309 312 633 3484 
314 
1734 2861 2822 2825 3743 
158 
700 
3708 3430 
1072 2498 1840 323 
322 1072 2498 
353 338 
1144 1370 3247 
2327 2137 
2327 
1201 1974 3356 
255 1110 
256 1153 1159 
99 256 1159 332 
99 256 331 1159 
2538 1669 4162 3823 
1669 3484 337 
2583 3533 1669 1303 
209 285 1669 2099 
334 1669 3215 
324 353 
1912 1913 1914 1916 1918 1921 2876 
1756 915 916 346 347 
2101 2092 344 
188 4224 1579 3052 1663 
302 513 1068 
215 341 1514 396 
3358 
340 347 
340 346 
289 613 3090 3101 2579 359 2245 
217 1678 2416 350 
217 349 1678 2390 657 
430 361 3043 2915 
1362 1023 3096 
324 338 3078 1510 1512 
94 99 101 3946 442 4181 
3182 2194 
3182 
1986 358 
357 1986 
311 313 348 
148 149 362 
351 
360 1383 811 431 
1519 1521 2953 2954 
365 366 368 535 
364 366 368 
364 365 
3104 3059 3135 3137 
364 365 
1824 565 
2289 395 443 
1824 
488 3361 374 2960 1506 1507 
1445 863 
372 488 3361 3828 3960 3940 
185 
185 4258 1806 390 
1184 
4075 
823 1696 1333 1334 394 
392 
1796 1331 
246 1476 
246 2448 
387 398 
196 2910 2917 
4254 1089 
384 
4254 935 
2183 391 2191 
376 
389 
380 1429 3385 
2151 3401 3901 
379 
370 
344 1514 397 
396 
384 3435 3439 3441 3442 
400 
399 2924 1704 
2814 2924 4037 928 2372 402 651 
401 2924 4037 928 
410 417 414 
2517 
1377 419 421 
2894 
2714 415 419 420 429 
1796 
1477 
403 1261 414 
1395 3746 3696 1296 
1565 
414 
403 410 413 417 
171 407 2443 2714 419 
2783 426 427 873 
403 414 
1127 4150 
405 407 415 1377 2714 420 421 422 423 
407 419 2714 
405 419 1377 
419 2750 1377 
31 419 429 
2939 2714 428 
2914 
416 
416 2273 1069 1658 590 873 1659 
424 2939 2714 
31 407 423 
351 432 433 2415 
362 1383 
430 433 
430 432 
4213 
3503 
128 437 
436 439 3892 
1737 
437 
4241 1996 2004 441 
440 1996 
354 
370 1591 
1585 
2455 
269 3359 4132 2129 
104 770 4076 452 
1067 3892 1789 1790 
2558 
965 3917 1627 3567 
4043 4042 
37 447 
3078 1214 1074 601 1139 785 
2427 
1608 456 460 461 1630 
455 1494 460 461 3301 
93 300 754 1787 
2649 
3105 
455 456 1531 461 2840 
455 456 460 545 1620 
296 2073 2074 
2044 3302 3303 
19 38 597 
3806 467 
1241 
465 
4145 
4141 4148 4149 470 
469 4141 4148 4149 
2017 
1039 3879 3884 3887 4024 
3703 1166 
765 3090 3968 
613 3054 1195 476 
475 613 3054 1195 
3239 1662 
4195 3520 2097 
3564 480 1364 679 1245 
479 
2727 
291 294 512 4217 2643 
2855 496 
2336 
492 493 1981 1046 
487 1458 2443 1924 1925 
486 
372 374 
3542 
3830 2726 3374 3840 
1127 
85 485 1685 493 1173 
485 492 
497 1291 3624 2893 
497 
483 
494 495 
2025 1705 
3950 531 3264 3951 3952 551 3954 3956 
213 214 216 2591 2718 2211 536 1651 
271 3863 4226 
797 
1294 
3452 
3043 3294 
1019 1125 1207 3043 509 511 
1207 1210 
988 
506 1019 1207 3043 510 511 
509 1019 
506 509 1019 1207 
482 640 2643 4217 4115 1890 783 
343 2737 2686 
653 1258 2770 3336 515 2317 
514 808 1258 533 3235 
2624 2634 2280 2922 2923 2924 2925 
3950 518 520 535 547 549 550 
517 520 
267 
517 518 535 549 550 
1485 2119 2757 
523 524 531 526 528 530 
522 524 531 526 528 530 
522 523 526 528 530 532 
263 2372 2631 
522 523 524 531 528 530 
1569 1571 1572 1573 4206 
522 523 524 526 531 530 
2337 1490 3967 
522 523 524 526 528 
499 522 523 526 528 551 
524 2436 4156 538 540 545 
515 1258 3339 3363 
3339 543 3370 
364 517 520 537 549 550 
500 
535 
532 540 
1257 3324 3245 
532 538 4162 
1417 548 550 
613 1195 
534 3339 3370 
1960 1956 546 
461 532 1620 3532 4205 
544 553 554 3868 
517 
541 
517 520 535 550 
141 517 520 535 541 549 
499 531 3950 
3950 
546 554 
546 553 
556 2728 1199 
555 2728 1199 
21 2263 560 563 
833 3907 
2785 833 
21 557 2587 
893 
893 
21 557 
705 709 3476 
369 
250 2376 
2044 3593 2389 3970 2590 3980 591 
1039 3886 569 570 
568 1039 3886 570 
568 569 1039 3886 
24 1733 3235 572 
571 3235 
1660 
2449 2137 
3179 2442 
2620 578 
600 
576 2620 
98 1486 
3619 3928 2163 
1182 2980 
3646 593 594 2146 2152 2159 
3597 584 585 
583 3597 
583 3597 
3597 3598 589 
3597 
3597 1736 
586 3597 
427 
567 2044 
3999 
582 2146 2152 2172 
582 
740 3316 
3112 
464 1004 3512 3513 
2883 4249 3250 
805 3897 3899 
577 2397 2598 3597 955 
453 1074 1469 
2396 
873 
2875 2885 
3457 
607 608 1584 
606 608 
606 607 1123 1991 
105 4093 1189 4002 
3064 
1228 1283 1599 2593 
614 620 625 627 
348 475 476 542 3688 3805 3054 1195 3293 864 
612 
2467 620 622 4192 1221 2160 1306 2666 1833 1675 1308 1310 
1595 617 618 619 
616 1595 618 619 
616 617 1595 619 
616 617 618 1595 
612 615 621 623 624 625 627 622 
620 623 624 
615 620 
620 621 624 
620 621 623 
612 620 627 
2133 
612 620 625 
1004 3336 1021 3241 
3878 1891 1706 2382 634 2142 
151 631 632 
151 630 632 
151 630 631 
308 312 316 3292 2112 2214 
629 4260 
3791 1347 
4 5 23 3388 3691 637 991 1574 1575 
23 636 
4023 4026 4029 
645 
512 
3999 643 
3133 3880 
641 3999 
1815 
639 3525 1570 2599 2600 2601 2602 2604 2605 2607 
647 908 3609 3610 3611 3612 3613 
646 908 
4161 2844 
3540 1747 2730 
2118 3175 
401 2814 2372 
263 2372 
514 3325 2886 
2047 663 
3147 3477 
115 3411 1519 1520 
187 191 350 
1141 
1275 687 1289 1439 
88 1473 
2479 2484 2491 662 1263 1265 1267 
15 661 2479 1265 1267 3292 
654 
2049 1975 3909 706 3690 3942 4218 
667 668 670 672 673 675 
1963 735 
665 670 
665 672 673 675 678 680 682 
35 96 1361 1529 1664 3498 705 1993 1135 1136 1137 
665 667 
2713 3621 3269 3872 
665 668 673 675 678 680 682 
665 668 672 675 
3340 676 677 735 2338 2339 2341 2342 2343 2344 
665 668 672 673 
674 677 
674 676 
668 672 680 682 688 690 692 693 
479 681 3018 1318 3236 3694 1147 2917 
668 672 678 682 
679 2050 2051 
668 672 678 680 
708 
46 243 3790 
1595 1605 1607 2193 
3506 687 759 3690 1708 1709 
659 686 1275 1289 1439 
678 690 692 693 1241 3258 3265 3272 
3807 699 2526 706 2539 2545 
678 688 692 693 
2910 4062 4065 3831 704 714 3835 
678 688 690 693 
678 688 690 692 
262 
233 238 239 
3455 2754 1343 2057 1408 2767 3726 3727 3728 3729 3889 
198 241 269 1595 1755 
2376 1490 3334 3691 1133 724 
689 2979 2047 759 3556 
320 2445 
286 1469 
781 3291 1060 1984 3430 3307 791 2966 
86 3343 
278 281 691 3831 3201 2625 1173 714 3835 2834 
564 669 1361 3498 2584 3482 2104 
664 689 
1107 3691 3504 1327 1989 2171 
174 683 2376 3528 1236 2378 2294 
564 3807 3806 3471 3476 3478 
3528 4173 1472 
4259 1544 1198 
878 1243 726 727 3622 
157 3938 3832 966 3835 968 
691 704 3831 3835 
278 
2244 
254 261 262 263 264 
944 725 2406 
4118 720 
88 719 2458 3261 
2404 2925 854 3699 
2676 723 3791 1347 
722 2676 3791 804 
698 
718 944 2406 1773 
712 727 
712 726 
732 2960 2962 
3457 
2595 2596 4000 733 
3126 
728 2962 1134 2977 
730 
1773 1720 
666 674 3340 2338 2339 2341 2342 2343 2344 
737 738 
736 738 742 
736 737 
2379 
595 1448 3310 3316 1668 
1737 
737 1850 
744 745 746 
743 745 746 821 
743 744 1866 746 
743 744 745 
2684 3544 
1145 1594 3097 749 829 841 
748 1145 829 
262 752 
3143 3254 1589 
262 750 
2088 1245 2271 2272 
300 457 
2471 3545 
3115 3534 1871 2515 
1150 1165 1124 1192 1973 3579 
2786 760 
686 699 979 942 2560 4184 3294 3296 1708 1709 
758 2786 
907 3270 3271 4073 4074 3288 
3337 2454 2902 1729 1325 1802 
2354 
2454 
474 3733 
50 3373 
3373 772 2370 
1110 3107 
1040 3695 3733 2373 2374 
447 1869 
773 3200 
767 3373 2370 
771 
4138 775 
774 4138 
4138 
1042 3911 3912 3918 788 
1762 3403 
2098 
2721 4070 782 
702 791 
780 2721 4070 1665 
512 4115 
3899 
453 3486 3487 
136 1341 3544 3474 3007 
789 
777 3481 
281 787 1707 792 793 
2379 3515 3516 
15 702 781 
789 793 
789 792 
3828 876 2439 796 
2468 
794 3693 
502 1624 2972 2302 4274 
2972 1682 
1398 1475 1488 
3142 3144 809 819 
3391 3530 3238 915 2427 2441 2438 
2182 1990 864 814 818 
3939 2816 
723 2676 
599 4195 806 1934 1280 1281 1282 1278 
805 
814 
515 810 
800 
30 808 817 820 
362 3706 3179 
3845 
1926 1141 1142 1053 
802 807 2198 1990 
99 
1478 
810 
802 
800 
810 
744 
2722 
379 1327 3634 2171 
1457 828 838 
3878 1424 3496 3001 3003 1260 3004 844 
1676 1683 
2565 1416 832 836 
824 838 
748 749 1145 3097 
1846 1375 
2777 2778 2780 4052 851 
827 2565 836 
558 559 2785 4256 
844 
2766 1455 
827 832 2565 938 941 
252 844 3759 853 2179 
824 828 
3126 
2241 4216 911 914 1732 
748 1145 
1044 1045 3133 
265 3811 
252 825 834 837 
262 855 
4216 
2274 3903 3471 1610 1636 
984 
1355 2407 
3246 
831 4052 
1388 
837 3525 1952 3759 856 1130 3793 2554 
721 929 3759 3762 
845 1159 
45 853 3504 932 3759 
1464 
28 
1037 2150 
2723 3492 861 862 
860 2723 3492 862 
860 861 2723 3492 3075 869 866 
373 2723 1445 
29 613 802 
2483 3616 
862 2242 4061 3075 869 
870 2424 2429 2426 
2975 4090 4044 
862 866 3075 
867 1710 1711 1712 1713 
1919 3133 3457 3605 
3359 4242 
416 427 603 875 
1397 3275 3589 
873 
794 
1357 955 
712 4177 
3582 3583 3965 2812 
1063 
915 2120 2124 
2219 2098 2243 
915 
1518 1283 3513 
3625 898 899 3440 4058 4059 
2115 2820 
888 4011 4012 4013 
887 889 891 4070 
888 891 4058 
58 1342 1691 3191 1346 
888 889 
922 1577 4063 3237 2615 4067 4068 4069 
561 562 895 
1237 
893 2172 
1771 
903 909 4078 
885 912 913 4058 4055 4056 4057 4059 
885 3881 
904 
906 4081 4082 4083 4084 3932 4085 
65 1878 1335 
897 907 909 
900 4075 
57 2447 1329 
901 
761 903 909 1478 
646 647 
897 903 907 
3882 3890 
840 4216 914 
898 4055 4056 4057 
898 
840 911 4216 
340 801 881 883 1756 916 2120 2124 
340 915 1756 958 967 2680 2681 
1919 2632 2367 
2743 
3457 
3457 1568 
3337 
892 4191 923 2053 2615 4069 1393 1407 3532 3826 1402 
922 4031 
926 2494 
1772 948 949 
924 
1706 
401 402 2924 4037 
48 854 2603 2828 1482 3759 3762 
4080 1013 
1297 1213 1317 
265 266 856 3504 3581 1989 1220 
1391 
2495 1883 
388 
3133 
938 
836 937 941 
2525 
1446 1004 1459 
836 938 
759 1690 3296 
108 3780 945 946 3532 2027 3197 
718 725 2976 
943 3587 946 3749 
943 945 1465 
53 265 3199 1116 
925 1772 2561 949 
925 948 1772 
994 4075 
4075 
2082 4213 
1329 2410 
3514 
199 600 877 
2597 3853 
2566 2410 
916 967 2680 2681 
2261 2468 
1059 
964 
3767 963 
962 
961 1820 1821 1977 1978 
450 2974 
713 3832 
916 958 2680 2681 
713 3832 
2766 3574 3738 3739 3740 
975 
254 261 2225 1587 1588 1589 1590 972 
254 971 2225 
95 1426 
99 
970 976 3732 
975 3742 
980 981 982 4019 4020 
6 3910 
759 3259 
977 981 982 
977 980 982 
977 980 981 
2396 2418 
848 3080 1509 1998 1999 2003 
986 1614 1173 1174 
985 1489 3100 
127 3960 2641 4103 
508 1452 
285 
3147 3159 992 1000 1003 1006 1123 1013 3465 3466 
636 3388 
990 1006 3178 1132 
3274 1006 
950 3820 3308 
4261 998 1851 
4118 999 1002 2458 
1326 3751 
995 
996 1496 4115 4118 
990 1003 1013 
1537 1507 
996 
990 1000 1259 1013 
597 628 940 1009 2716 3512 2430 1958 
1014 
990 992 993 2294 
3125 1017 1020 
1466 1122 3125 2185 2197 2250 
54 1004 
1011 1015 1016 
1010 1015 1016 1948 
1996 1028 1038 
930 990 1000 1003 1863 
1005 1194 1022 
1010 1011 1016 
1010 1011 1015 
1007 4093 1019 3385 1276 1513 1286 3467 
272 3383 
506 509 510 511 1017 2197 1207 1125 3452 
1007 
628 
1014 1194 
352 1362 3096 
1026 3414 1855 3425 3424 3422 
3731 3241 
1024 3424 
1163 2314 2351 2348 2349 
1012 
2641 1034 1043 1752 
3148 2113 
1577 4063 
1577 4063 
1861 
1029 1043 1752 
1756 
33 3093 
33 859 2150 1869 2309 
1012 
472 568 569 570 1040 1041 3884 3886 
769 1039 1041 3695 2373 2374 
1039 1040 2148 2154 2155 2156 2157 2161 
777 1608 1049 3911 3914 3918 
1029 1034 
286 842 1770 1045 3523 
842 1044 
485 1981 1050 1051 
3954 
123 4157 4158 4159 4160 4164 1326 1328 1329 
1042 
1046 1981 1051 
1046 1050 1981 
3996 3999 
813 1926 
1354 2150 1702 
34 134 1678 2760 1056 1239 2665 
34 51 1055 3938 1057 2656 2657 2658 
34 152 1056 1058 1271 
34 174 1057 1249 
960 3623 
292 702 1061 3227 
1060 
1495 2702 2963 1930 1315 
52 156 305 880 1506 2075 1295 2796 
290 
2900 2902 
4080 
290 448 1227 
343 1595 2685 2686 
427 2273 1070 
1069 2273 
1915 3148 3160 3432 3433 3434 
322 323 1121 2498 1074 1078 
1121 1079 
169 453 601 1072 
2319 2033 
3518 
3807 
1072 
1073 1121 
1084 3547 
1082 3551 
1081 1356 
3256 2967 
1080 
1793 1093 
3713 1090 1091 
296 
2320 4194 2249 
386 4254 1094 
1086 1091 1096 
1086 1090 
3972 
1085 
1089 
1096 1101 1103 1112 1108 
1090 1095 1431 
2113 1098 
1097 1100 
1100 1102 
1098 1099 1102 
1095 1113 3064 1945 
1099 1100 
1095 1112 
1550 
1327 1107 3262 3263 1948 1949 
3634 
133 707 1105 1327 1482 3691 1111 
1095 3845 1112 1115 1613 1113 1118 1955 4232 4234 
3241 
255 329 768 3107 3394 1149 3423 
1107 1473 1482 
1095 1103 1108 1622 
1101 1108 3845 1955 
2310 1175 1192 
1108 4110 1622 
947 3199 2444 
1200 1527 1120 2774 
1108 3051 2346 4235 
3422 1244 
1117 1527 
1072 1073 1079 
1008 3115 2250 
608 990 1974 
757 3134 1973 1192 2352 2355 3395 
506 1019 
1843 3709 1629 1846 2761 3626 2134 2170 
418 491 1866 3746 
4092 2275 
1242 3587 3243 
853 3688 1268 2742 2170 2178 
2559 3278 3279 2253 1140 2188 2836 2837 
992 1196 
698 2376 
732 2977 
35 669 
35 669 1137 
35 669 1136 
1156 1157 1158 
453 2465 1140 
1131 1139 
658 813 1142 
813 1141 
1911 
106 325 3796 
748 749 829 841 1594 1525 1526 3398 3421 3097 
2759 
679 1960 
2961 1152 2276 
1110 1266 3394 
95 99 100 757 2879 3579 4079 
49 4210 1361 2992 1223 1225 1226 2428 2231 1565 
1148 2961 2005 2276 
95 330 1154 1155 1437 
101 1153 4202 1426 1155 3624 1634 
1153 1154 
252 1138 1640 1157 1158 
1138 1156 1158 
1138 1156 1157 1640 
99 256 330 331 332 855 3503 
3529 1865 
2450 1788 
56 1591 3453 
27 1027 1987 1164 1167 1168 2325 2329 2331 3418 
1163 1987 1167 1168 2325 2329 2331 
266 757 
473 1801 
1163 1164 1987 1168 2325 2329 2331 
1163 1164 1167 1987 2325 2329 2331 
4100 4117 4263 4269 1415 
2045 3820 
4100 1177 
1469 1725 2345 2608 1181 
222 278 492 704 985 3832 1751 2834 1685 1318 2077 
985 1868 
1114 2310 
1294 
1171 4100 
1724 3902 
168 169 170 1944 2494 3185 
193 
1172 3874 
176 177 581 
9 4202 3608 4226 4227 1185 
112 377 3955 2522 1217 
1183 
2408 1202 1203 
2570 
3614 1191 
96 609 2123 
1544 1192 
1188 2118 
757 1114 1124 1190 1973 1775 2353 3395 
2557 1196 3812 1194 1200 
1014 1022 1193 1200 
475 476 542 613 3054 
1132 1193 3812 
272 3385 
711 1544 2095 
555 556 2728 
231 1117 1193 1194 3452 1277 
328 3497 3500 3501 3502 
1186 1203 
1186 1202 3998 
3169 3221 
1826 1287 2041 2054 2482 2309 
1411 1412 1413 1414 1418 1419 1417 1420 1423 1427 1430 
506 507 509 511 1019 1210 
4066 3948 
1839 
507 1207 1212 
1231 1216 1218 
1210 
931 2889 1214 3896 
453 1213 
3623 3241 3610 
1211 1231 1218 
112 1184 
1211 1216 1231 
45 
45 932 
615 2587 4192 
50 2421 4142 3555 3697 2927 2928 2932 2943 
49 110 1151 1374 1448 1225 1226 
50 
49 1151 1223 1374 1403 1404 3910 1226 
49 1151 1223 1225 
1067 
277 611 1237 1254 2726 1567 
1230 1268 
222 1229 1245 2584 1751 
1211 1216 1218 2511 3931 
166 3931 3068 3069 3070 3071 1234 3072 3073 
1246 1253 1248 
1232 3931 3072 3073 
174 1311 
174 708 2910 3528 1301 3662 2751 
894 1228 1557 
2592 
1055 2658 
174 
466 688 3845 1244 3258 3265 3272 
1129 3363 1268 
712 3622 
1119 1241 3922 2773 3422 1250 3006 
479 753 1230 
1233 2297 1253 1248 
3619 
1233 1246 1253 
174 1058 
1244 3922 
2407 2037 
131 3525 1917 3829 1869 
1233 1246 1248 
1228 3373 2726 1567 
4087 
55 3860 
55 539 3324 1528 
55 514 515 533 3324 
1003 2700 1462 3857 3858 
825 2185 1261 2193 1270 2147 
410 1260 1270 
55 
661 2484 
196 293 296 297 298 301 
661 662 
1149 2187 1901 1904 1906 
661 662 2479 
1130 1229 1242 2742 1603 1293 2353 
1270 
1260 1261 1269 
210 1057 2078 2079 1284 
4222 2459 
2665 1289 2592 3781 
3682 3503 
659 687 1279 1439 2590 
1017 4093 
1200 
805 1280 1281 1282 
1275 2689 3221 
805 1278 1281 1282 
805 1278 1280 1282 
805 1278 1280 1281 
611 884 2428 3973 
1271 
2974 1286 
1017 1285 3467 
79 81 1205 2041 2391 4077 
1300 1299 1304 
659 687 1273 
151 
494 
2512 1873 1886 
1268 
503 1176 3532 4205 
136 1063 2675 2796 
411 1374 
931 3860 1317 
2961 2663 3803 3804 2964 
1288 1300 3456 2434 1302 1304 
1288 1299 2459 2460 1304 
1236 1668 
1299 
335 
1288 1299 1300 
2395 
615 2160 
1386 4189 4190 
615 1310 
3411 1519 1520 1521 3852 1647 
615 1308 
174 1235 
3822 
3359 4143 
3359 2285 
1062 1495 2702 
82 
931 1297 
172 222 297 679 1173 1320 1321 
2689 
172 1318 1321 
172 1318 1320 
179 180 4261 4262 
1324 1327 1328 
1323 
762 3337 2902 1729 1802 
997 1048 1328 1329 2894 2896 2485 3784 3785 3786 
707 823 1105 1107 1323 2170 2171 
1048 1323 1326 1329 
905 953 1048 1326 1328 2797 2798 2799 2800 2801 
2614 
381 3079 
2133 3249 3251 
379 1696 1334 
379 1333 1696 
65 902 2393 
3316 2089 
3524 1338 4026 4028 4040 
1337 3524 
59 2354 
3048 
786 4092 4095 2691 
890 1707 4173 1346 
71 127 696 3588 2754 3599 1345 
181 182 2169 
1343 3938 2016 2916 2918 
890 1342 
635 722 
2400 4184 
1938 3888 
315 3129 3748 2001 3371 2007 2011 3372 
110 1354 1356 
3564 1353 1358 1363 1365 1366 1367 2618 1372 1373 2628 2629 1376 
60 1352 
1054 1351 1356 1456 1458 
849 
1082 1351 1354 1390 1392 1396 1406 
877 1359 
1352 1363 1365 1366 1367 2618 1372 1373 2628 2629 1376 
1357 1360 
110 1359 2283 3755 
669 705 1151 2428 3498 
352 1023 3096 3900 3976 3979 2580 
1352 1358 1365 1366 1367 2618 1372 1373 2628 2629 1376 
479 3564 4035 2177 2646 
1352 1358 1363 1366 1367 2618 1372 1373 2628 2629 1376 
1352 1358 1363 1365 1367 2618 1372 1373 2628 2629 1376 
1352 1358 1363 1365 1366 2618 1372 1373 2628 2629 1376 
3754 2603 2828 3115 1369 2515 1482 2782 2420 4048 4049 
1368 3754 2209 2758 2782 
325 3247 
237 
1352 1358 1363 1365 1366 1367 2618 1373 2628 2629 1376 
1352 1358 1363 1365 1366 1367 1372 2618 2628 2629 1376 
1223 1225 1296 1403 1404 1479 
830 1565 1674 
1352 1358 1363 1365 1366 1367 1372 1373 2618 2628 2629 
405 419 421 422 
2793 3176 
51 1558 1385 1387 
4144 4151 2781 1382 1409 
1383 
1380 1409 
362 431 1381 3966 
93 3144 3383 
1379 1387 
1307 
1379 1385 
852 2542 3047 
4015 2781 
110 1356 1392 1396 
933 1470 2758 
110 1356 1390 1448 1396 1406 1477 1479 
922 3826 1581 
3237 
411 3746 3696 
1356 1390 1392 
874 2984 2985 
799 3078 1475 1481 1487 1488 1410 
3826 
1840 1402 
2715 
922 1400 1840 
1225 1374 1404 
1225 1374 1403 
3504 
1356 1392 1448 
922 
696 3726 
1380 1382 
1398 
1206 1412 1413 1414 1418 1419 1417 1420 1423 1427 1430 
1206 1411 1413 1414 1418 1419 1417 1420 1423 1427 1430 
1206 1411 1412 1414 1418 1419 1417 1420 1423 1427 1430 
1206 1411 1412 1413 1418 1419 1417 1420 1423 1427 1430 
1169 
827 3598 
541 1206 1411 1412 1413 1414 1418 1419 1420 1423 1427 1430 
1206 1411 1412 1413 1414 1417 1419 1420 1423 1427 1430 
1206 1411 1412 1413 1414 1417 1418 1420 1423 1427 1430 
1206 1411 1412 1413 1414 1417 1418 1419 1423 1427 1430 
83 2794 3543 3214 
115 3962 3975 
1206 1411 1412 1413 1414 1417 1418 1419 1420 1427 1430 
825 1425 3514 3003 
1424 1426 1452 
973 1154 1425 
1206 1411 1412 1413 1414 1417 1418 1419 1420 1423 1430 
208 3966 3951 1432 1433 1804 
392 
1206 1411 1412 1413 1414 1417 1418 1419 1420 1423 1427 
1096 1955 
1428 3951 1804 
1428 3951 
3107 3108 3109 1436 
2392 2516 1449 
1434 3107 3108 3109 
95 1153 
4161 
659 687 1275 
3337 1569 
1475 1443 
3444 
1441 1475 
1631 1994 
373 863 4191 
940 1447 
1446 1450 
740 1223 1392 1406 
1435 
1447 
3274 3275 3288 
988 1425 3852 
2766 
2222 
835 2766 
1354 3280 
824 3973 3983 
486 1354 
940 3328 3331 
1704 
2614 
1259 3606 
4077 1467 1468 
857 1475 1483 
946 
1008 3125 3142 2197 
1463 4077 3996 3999 1468 4189 
1463 1467 
601 701 1172 
246 1391 1476 
2777 1981 
710 1474 3881 
108 660 1111 4203 3796 2111 3584 
1472 
799 1398 1441 1443 1464 2091 1483 1488 2725 
382 1470 
110 409 1392 1479 
816 907 
110 1374 1392 1477 
3540 
1398 
929 1107 1111 1368 3683 
1464 1475 1484 
1483 
521 3936 1486 
579 1485 2529 2532 
1398 1488 
799 1398 1475 1487 
986 2794 2795 
529 698 2336 2376 2398 
1492 1493 1494 4167 2474 
1491 1493 1494 
1491 1492 1494 1496 
456 1491 1492 1493 2978 1496 3301 
84 1062 1315 2692 2702 2448 2451 
999 1493 1494 4118 2978 
3628 3656 3661 3663 3668 3669 3670 3671 3672 3677 
2646 1499 1500 1501 1502 1503 
1498 2646 1500 1501 1502 1503 
1498 1499 2646 1501 1502 1503 
1498 1499 1500 2646 1502 1503 
1498 1499 1500 1501 2646 1503 
1498 1499 1500 1501 1502 2646 
3649 3677 
4248 
87 372 1063 2175 
372 1001 
4078 
984 1998 1999 2003 
353 1512 
186 
353 1510 
1017 2197 2906 
344 396 2455 
1516 
1515 1842 
314 1518 4156 
884 1517 3499 
363 656 1309 3411 1520 1521 1647 
656 1309 1519 3411 2327 2294 
363 1309 1519 3411 2327 1647 
252 3411 3760 1640 
3997 1780 
2735 
1145 1526 
1145 1525 
1117 1120 
1257 4215 
669 
1664 
460 2840 
230 1585 3291 2092 4280 1876 
2682 2683 2395 
3872 3877 
3960 
3074 2527 2528 1542 1543 
1001 3836 2754 2021 1538 1539 3727 
1537 3836 1539 
1537 1538 3836 
3456 2096 4198 4201 
1549 
1536 3074 1543 2530 2533 
1536 1542 3074 
711 1190 1198 2095 
1546 
47 1545 
114 1727 3163 3184 
4257 1557 1550 
47 1541 
1104 1548 4257 
3358 
2464 3606 
2917 1554 1555 1556 2921 
1553 1555 1556 
1553 1554 1556 
1553 1554 1555 
1237 1548 1561 1562 
51 1379 1559 1560 2855 
1558 1560 
1558 1559 
1557 1562 2082 
1557 1561 
4210 1564 
1563 4210 
412 1151 1375 4210 2231 1674 
4210 
1228 1254 2726 
920 3457 
527 1440 3141 1572 
645 2599 2600 2601 2602 2604 2605 2607 
527 1572 1573 
527 1569 1571 1629 1573 
527 1571 1572 
636 2914 1575 
636 1574 2914 
70 3160 1760 3472 
892 1031 1032 4063 
3051 
188 342 3317 3323 1686 
1686 
1393 2465 
3091 4241 2004 1583 
1582 3091 2004 
606 
444 1532 2092 
2705 2862 3182 
254 261 971 1588 1589 1590 
254 261 971 1587 1589 1590 
254 261 751 971 1587 1588 3254 1590 
254 261 971 1587 1588 1589 
443 1162 1885 3375 
3744 3571 
21 22 2838 
748 1145 1941 
21 616 617 618 619 685 697 1068 2686 
1597 1600 3235 
1596 
11 12 13 14 16 1980 4240 3554 
611 4074 1875 
1596 1923 3400 3904 
3479 
2496 
1268 3107 3109 
4206 
685 1607 
3360 2978 
685 1605 
455 1042 3706 1630 1637 
138 142 223 2563 3320 1623 2059 2060 
847 2274 3903 1636 
1612 1620 1621 
1611 1620 1621 
1108 
985 
2531 2094 
2619 1617 1618 1619 
1616 2619 2843 3760 1618 1619 
1616 1617 2619 2783 1619 
1616 1617 1618 2619 2783 1635 
461 545 1611 1612 1621 1646 
1611 1612 1620 
1112 1115 
1609 
797 1677 1625 1626 4274 
1624 1626 
1624 1625 
450 4141 3173 3560 3567 3568 3575 1670 
3709 
1126 1572 3709 
455 1608 1633 
1444 
3760 1638 
1630 2677 
1154 2593 
1619 2783 4243 
205 206 847 1610 2274 
1608 3933 
1632 
2783 
252 1156 1158 1522 3760 1642 1643 
1733 2139 
1640 1643 
1640 1642 
1864 1649 
1650 
1620 
1309 1519 1521 
2930 3142 3431 
1644 
1645 2217 1823 
500 3252 3257 
2310 1655 
275 3885 1899 1901 
2300 3198 2200 
1652 
4141 3568 1671 1673 3580 3594 3595 3596 3592 
2587 
190 427 1659 
427 1658 3505 
573 2180 1962 2873 
2209 
477 3239 1665 
342 4224 
669 1530 
782 1662 3264 3266 
1932 1933 1765 
3134 3392 3393 3396 
174 740 1301 3704 
333 334 335 336 337 
1627 3567 
1656 4141 3568 3576 1673 3580 3594 
2242 
1656 1671 3568 3580 3594 
1375 1565 
615 
826 1826 1683 
1624 
217 349 350 1055 2202 2589 1679 
1678 
246 
2972 1682 4274 
798 1681 2972 
826 1676 1826 
1757 3637 1765 1766 1767 1769 
492 1173 3832 2834 
1579 1580 1687 
1686 
4051 1922 
1690 1692 1693 1753 
942 1689 1692 1693 
136 137 890 2993 
1689 1690 1693 
1689 1690 1692 
2422 2258 1695 1889 
1694 2258 1889 
379 1333 1334 
1698 1699 1700 
1697 1699 1700 
1697 1698 3390 
1697 1698 
3587 2458 
1054 2150 
3587 
400 1460 2924 
498 2025 
629 927 
139 789 1342 3569 2752 3960 2139 
686 759 1709 
686 759 1708 
870 1711 1712 1713 
870 1710 1712 1713 
870 1710 1711 1713 
870 1710 1711 1712 
1733 2856 
2857 3447 3449 3451 
3986 2857 
65 3771 2326 
1773 
1773 
734 1773 
2418 1773 1722 
1721 1773 
2345 1741 
1178 1725 3902 4201 
1172 1724 1776 2191 
1761 1762 1763 1764 
1547 
3647 3651 2899 3652 3653 3657 
762 1325 3337 2634 2902 1802 
118 2841 3564 2853 1731 4276 4277 4278 
118 1730 
840 
24 118 571 1641 1714 2856 3443 3446 
318 1735 
1734 
588 3597 
287 438 741 1807 3276 1942 3313 3314 3315 
97 3100 2826 2827 
1744 1745 1747 1749 1750 
2590 
1723 
2992 
10 2314 2983 2988 1746 2642 
1739 1745 
1739 1744 
1743 
649 1739 
288 
1739 1750 
1739 1749 
222 1173 1230 2584 
1029 1034 
1689 2708 
3930 
241 697 
340 915 916 1035 2858 
1684 1765 1766 1767 1769 
3054 
6 2511 
70 1576 3160 3253 3495 3472 
1726 1929 2696 1762 1763 1764 3402 
778 1726 1761 1763 1764 3402 
1726 1761 1762 1764 
1726 1761 1762 1763 
1666 1684 1757 1932 1933 1766 1767 1769 2165 2804 2805 2807 2808 2809 
1684 1757 1765 1767 1769 
1684 1757 1765 1766 1769 
3531 2015 2913 
1684 1757 1765 1766 1767 
1044 
896 2787 
925 948 949 3532 4205 
725 734 1718 1719 1720 1721 1722 2327 2418 2787 
2408 1801 
1192 2353 2774 
1725 
61 63 64 67 68 72 
2672 1782 1780 
3164 1781 1783 
1523 1778 2672 1782 
188 1779 4178 3257 2741 3164 1784 1783 
1778 1780 2672 
1779 1781 3164 
1781 
1793 1807 
4172 4179 4183 4185 4186 4188 
93 457 
1161 2450 
448 3095 1790 
448 1789 3095 
2638 2813 1798 1799 1800 
1794 1795 1796 1797 1851 
1085 1785 1806 1807 1809 1810 1811 
1792 
1792 3607 1796 1797 
381 408 1792 1795 1797 
1792 1795 1796 3689 
1791 2813 1799 1800 
1791 1798 2813 1800 
1791 1798 1799 2813 
1166 1774 
762 1325 1729 3337 2902 
2694 2076 2480 
1428 1432 3951 1805 
1804 2512 
376 1793 1809 1810 1811 
1737 1785 1793 3246 
3152 1812 1814 1813 
1793 1806 1810 1811 
1793 1806 1809 1811 
1793 1806 1809 1810 
1808 3152 1814 1813 
1808 1812 3152 
1808 1812 3985 
644 2981 
1878 
3513 1878 
4006 
2038 2039 2046 2048 
964 1821 
964 1820 
4106 4107 4108 4109 4110 4112 
108 295 1650 2216 2217 
212 369 371 
3563 3565 3566 
1205 1676 1683 3623 1870 1884 2309 
3630 1829 
3630 3571 
1827 3630 3618 
3630 3571 1831 
1830 3630 3571 
2292 2959 3562 3572 1834 3379 
615 2208 
1832 2959 3572 
2496 4101 2010 
1860 3276 3477 1837 
1836 1860 
2989 3815 3816 3817 3818 
245 1209 
322 1400 1402 3730 3117 
306 1979 3898 1982 
1516 2611 
1126 
1858 
3650 4197 4199 
830 1126 
3144 3150 1852 1853 1854 1856 
3150 1849 
1848 3150 
742 2398 
79 995 1792 4254 3248 4246 4247 4249 4250 
1847 3150 
1847 1854 1856 
1847 1853 1856 
1024 3414 1857 
1847 1853 1854 
1855 
1844 3707 
3375 2320 3379 
1836 1837 2238 2240 
1033 1862 1863 
1861 1863 
1013 1861 1862 
1644 3429 
1160 3529 
745 1127 
1997 3763 3138 3086 
1174 
770 1037 1252 2720 1917 
1826 4251 3241 
756 
3373 1873 1874 
1292 1872 1874 
1872 1873 
1599 4074 
1532 
2405 3149 1910 
65 902 1816 1817 2762 4089 3961 
1909 2086 
3364 
2148 
3364 2387 2440 1887 
934 2495 
1826 2543 
1591 1888 3375 
1292 2512 
1882 3364 2440 
1885 
1694 1695 2724 2258 3997 4001 
512 3364 
237 629 2222 
3364 1894 1895 1896 1897 
3364 2486 
1892 3364 1895 1896 1897 
1892 1894 3364 1896 1897 
1892 1894 1895 3364 1897 
1892 1894 1895 1896 3364 
1900 1903 1905 1907 1908 4009 4010 4014 
1653 3885 
1898 1903 1905 1907 1908 
1266 1653 2187 1902 1904 1906 
1901 
1898 1900 1905 1907 1908 
1266 1901 1906 
1898 1900 1903 1907 1908 
1266 1901 1904 
1898 1900 1903 1905 1908 
1898 1900 1903 1905 1907 
1879 1940 2086 
1877 2405 3149 
1143 4120 
339 1913 1914 1916 1918 1921 
339 1912 1914 1916 1918 1921 1961 
339 1912 1913 1916 1918 1921 
1071 
339 1912 1913 1914 1918 1921 
1252 1869 
339 1912 1913 1914 1916 1921 
139 871 917 2577 2632 3457 1931 
2425 1922 1927 
339 1912 1913 1914 1916 1918 
1688 1920 2425 1927 
1600 2784 3009 
486 2443 1925 
486 1924 2443 
813 1053 4268 
1920 1922 2425 
2849 1930 
1761 
1062 1928 2471 2546 2963 
1919 
1666 1765 4224 1933 
1666 1765 1932 4224 
805 
128 
3746 
313 4018 
1349 3256 3888 
2614 
1909 
1594 2405 
287 1737 
2408 
140 1179 3178 1951 
1101 
3284 1947 
1946 3284 
1011 1105 1949 
1105 1948 
3182 
1944 
853 1953 3793 
1952 
4279 4280 
1108 1113 1431 
544 
3103 3114 3116 
1004 2716 
3700 
544 1147 
1913 2115 2820 
1660 2180 2873 
666 3733 
2 224 1965 1966 1967 1968 1969 1970 1971 
2 1964 1966 1967 1968 1969 1970 
2 1964 1965 1967 1968 1969 1970 
2 1964 1965 1966 1968 1969 1970 
2 1964 1965 1966 1967 1969 1970 
2 1964 1965 1966 1967 1968 1970 
2 1964 1965 1966 1967 1968 1969 
1964 
3414 3510 3042 1978 2769 
757 1124 1192 3395 
328 1123 3152 3158 3355 3356 
664 2049 3909 
4270 
964 1978 
964 1972 1977 
1841 1982 2802 2803 
11 12 13 14 16 1598 4240 3554 
485 1046 1050 1051 1471 
1841 1979 
306 
702 1985 2966 
1984 1988 
357 358 3902 
1163 1164 1167 1168 2325 2329 2331 
1985 
707 932 3694 3504 
802 814 2263 
608 2899 2997 
3895 4216 
669 3806 
1444 2111 
125 
440 441 1012 3725 
1867 2876 3763 3138 2513 3086 
984 1509 1999 2003 
984 1509 1998 2003 
3044 3015 
315 1350 3129 3748 3371 2007 2011 3372 
4038 3808 
984 1509 1998 1999 
440 1582 1583 3091 4241 2006 2008 3675 
1152 2740 3554 
2004 3091 2008 
315 1350 2001 3129 3748 3371 2011 3372 
2004 2006 3091 3086 
2010 
1835 2009 
315 1350 2001 2007 3129 3748 3371 3372 
2908 
2098 2040 
3531 
1768 
1345 2203 
471 2512 2231 
212 3538 
2071 2519 3123 2303 2229 
175 217 
132 181 1537 3727 
2308 2306 2024 
175 2080 2081 
2022 2308 2306 
498 1705 2046 2306 
2308 2306 
296 943 
3837 2444 2679 
4066 2030 2031 2032 2035 
2029 4066 2031 2032 2035 
2029 2030 4066 2032 2035 
2029 2030 2031 4066 2035 
1075 2318 2319 4228 2147 
192 2906 
2029 2030 2031 2032 4066 
3454 2234 2235 
1251 2407 
1819 2039 2046 2048 
1819 2038 2611 2046 2048 
2013 2098 
1205 1287 
2692 2448 
3954 
282 463 567 591 3302 3303 
1170 
1819 2025 2038 2039 2048 2306 
654 699 2061 2058 2057 
1819 2038 2039 2046 
664 1975 
681 2051 
681 2050 
2594 2704 2709 2712 
922 
1205 
134 3320 2917 2665 
3850 2594 
696 2047 2754 2058 3728 
2047 2057 2061 
223 1609 3320 2060 
223 1609 2059 3320 
2047 2058 
2640 2356 2176 3352 3856 3685 2063 2064 2065 2066 
2062 2640 2356 2176 3352 3856 3685 2064 2065 2066 
2062 2063 2640 2356 2176 3352 3856 3685 2065 2066 2067 
2062 2063 2064 2640 2356 2176 3352 3856 3685 2066 
2062 2063 2064 2065 2640 2356 2176 3352 3856 3685 
2064 3346 
116 
296 2070 
296 2069 
2019 3123 2229 
296 3438 
296 462 
296 462 
1063 3941 2764 2765 
1803 
1173 
210 1271 2079 
1271 2078 
175 2023 2081 
175 2023 2080 
952 1561 2094 4213 
3964 3965 2955 2811 
144 155 
2169 
113 1879 1909 3253 
2112 2239 2246 2244 
753 2255 2256 2257 
1336 
3667 2093 
1475 3344 3345 
341 1532 1585 4276 3198 3217 
2090 3667 3903 
1615 2082 
1198 1544 
1540 4201 4198 
478 3520 3375 
779 882 2013 2040 
209 285 336 2100 2102 
2099 2102 
341 2205 
2099 2100 
2728 3956 3590 3591 
705 
3855 3130 
3455 
3291 2110 
2109 
15 308 2108 2268 2269 3295 2212 
2107 3291 
1473 1994 
633 2087 3292 2213 2244 2214 
1030 1097 3148 2613 
2846 3136 
886 1961 2820 3750 2644 
2123 2126 
3215 2125 2127 2128 2131 
650 1191 3695 3175 2371 2374 2377 
521 
881 915 2124 
2452 2968 2122 
2121 2452 2968 
1189 2116 2126 
881 915 2120 
2117 3215 2127 2128 2131 
2116 2123 
2117 2125 2128 2131 
2117 2125 2127 2131 
446 3164 
2158 
2117 2125 2127 2128 
2135 
626 1332 4254 3745 3251 
1126 
137 160 2132 4105 3646 2136 2152 
2135 4105 
326 574 2449 
212 2140 
1641 1707 3569 3203 
2138 
2318 2449 
629 2382 
2318 2145 
2318 
2143 2318 
582 593 2152 2159 
207 1260 2033 2318 2149 
1041 1881 2154 2155 2156 2157 2161 
207 2147 
201 202 859 1037 1054 1702 
393 2335 3401 3410 
582 593 2135 2146 
3955 
1041 2148 2155 2156 2157 2161 
1041 2148 2154 2156 2157 
1041 2148 2154 2155 2157 
1041 2148 2154 2155 2156 
2130 4116 
582 2146 
615 1306 2666 
1041 2148 2154 
3619 
580 3619 3928 
2538 
1765 2804 2805 2807 2808 2809 
2538 
2538 2168 
2167 2538 
156 181 182 1344 2085 
1126 1130 1327 
707 823 1327 
593 895 
18 
3361 2960 
1506 
2062 2063 2064 2065 2066 2640 2356 3352 3856 3685 
1364 4177 2968 
1130 2606 
837 3746 3749 
1660 1962 3354 4097 4177 4123 2873 
4177 
802 3142 
389 2186 
2559 3926 
1008 1260 
2183 
1266 1901 
1131 2559 2836 2837 
111 2196 
2195 2196 2228 2226 2227 2230 
389 1725 3142 2192 
2191 
685 1260 
355 3182 
2190 2196 
2189 2190 2195 3385 2226 2227 2230 
1008 1019 1466 1513 3452 3444 
814 
2218 
1654 4279 3198 
3479 3517 
1678 
2016 3835 
156 157 
2101 
3630 2207 
2206 3630 
1833 2872 
1369 1661 
56 3546 
213 214 216 500 
15 308 2109 2213 2214 2270 
2112 2212 2214 
633 2112 2212 2213 
2874 2878 2885 2887 2888 2890 
228 1823 
228 1650 1823 
228 2199 2345 
882 2541 
3787 2759 3971 
307 
1454 1891 4090 
2230 2233 
4090 3255 3853 2340 
254 971 972 4090 
2190 2196 2228 2227 2230 2233 
2190 2196 2226 
2190 2226 
2019 2071 3123 
2190 2196 2223 2226 2233 
1151 1565 2017 2512 4210 3829 
3946 
2223 2226 2230 
2036 3454 2235 
2036 2234 3454 
2870 2874 2884 2888 2890 2891 2895 
2581 2260 
1860 3454 2324 2240 2247 
2087 2246 2244 
1860 2238 2247 2830 2839 2842 
840 3821 3491 2242 4216 
866 1672 2241 3821 2243 4061 4193 
882 2242 
716 2087 2112 2239 2246 
348 
2087 2239 2244 2547 
2238 2240 3454 2324 2830 
83 2794 3234 2251 2254 
1088 2252 
1008 1122 
2248 2254 
2249 
1131 
2248 2251 
2088 2256 2257 
2088 2255 2257 
2088 2255 2256 
1694 1695 1889 3370 2259 
2258 2724 
2237 4002 
959 3120 
3189 4279 2263 
557 1990 2262 2667 
3361 
3454 3138 
3589 3177 2267 
2266 3589 3177 
2109 2269 
2109 2268 
2212 
753 
753 
427 1069 1070 2318 2319 3227 
847 1610 1636 
1128 4092 
1148 1152 2961 
3747 
3936 
3344 
516 2624 
2976 2282 
2281 2976 
1360 
3634 
1314 3359 
2611 3397 2301 
2576 2288 
2287 2576 
370 
2307 3075 
3749 2364 
1832 3562 3572 2293 
2292 3562 
708 1006 1520 3588 4184 2327 
2296 2308 
2295 
1246 2828 2512 2309 2316 
4279 2300 
4278 3187 3190 3228 2305 4196 
1654 2298 4279 3198 2319 
2286 2304 2322 
797 
2019 3635 2311 
2301 
222 2299 2641 2523 4196 
2022 2024 2025 2026 2046 2308 
2290 2456 3076 
2022 2024 2026 2295 2306 
1037 1205 1826 2297 2316 
1114 1175 1652 
2303 3707 2406 
2699 
2867 
1027 1743 
2318 
2297 2309 
514 3336 
2033 2141 2143 2144 2145 2147 2273 2315 
1075 2033 2273 2300 4228 
1088 1859 2353 
4078 
2301 
21 2860 
2238 2247 3114 3454 3202 
1163 1164 1167 1168 1987 2329 2331 
65 1717 
326 327 1520 1521 1773 2294 
2332 
1163 1164 1167 1168 1987 2325 2331 
115 
1163 1164 1167 1168 1987 2325 2329 
2328 3742 
3986 
2419 
2151 3401 3405 3407 3410 
484 1490 
85 529 
674 735 3340 2339 2341 2342 2343 2344 
674 735 2338 3340 2341 2342 2343 2344 
2224 
674 735 2338 2339 3340 2342 2343 2344 
674 735 2338 2339 2341 3340 2343 2344 
674 735 2338 2339 2341 2342 3340 2344 
674 735 2338 2339 2341 2342 2343 3340 
1172 1723 2218 2906 
1118 3051 4235 
3400 
1027 2351 2349 
1027 2348 2351 
2588 2358 2359 2360 
1027 2348 2349 
1124 3134 2355 2357 
1192 1268 1775 2320 
115 116 763 1339 2958 3362 3146 
1124 2352 
2062 2063 2064 2065 2066 2176 2640 3352 3856 3685 
2352 3134 
2350 2588 
2350 2588 2360 2361 2363 
2350 2359 2588 
2359 2588 2363 
3112 3145 
2359 2361 
2291 3749 3864 
3408 2366 
2365 3408 2369 2856 
917 
2538 
2366 
767 772 3373 
2118 2372 
263 401 525 651 652 2371 2814 2375 2631 
769 1040 3695 3733 2374 
769 1040 2118 2373 3695 2377 
2372 
250 251 566 698 708 1133 1490 3528 3875 2378 
2118 2374 3695 
708 2376 
739 790 3690 3515 3516 
2381 
2380 2410 
629 2142 2684 
151 2384 2385 2386 
151 2383 2385 2386 
151 2383 2384 2386 
151 2383 2384 2385 
1882 2920 
2920 
567 
217 350 2413 2399 2414 2416 
1287 
1435 
1335 
3932 3920 
1305 1533 
602 983 2418 
600 
1490 1850 
134 2390 2413 2414 
1348 
2402 2403 
2401 2403 
2401 2402 2404 
721 2403 2925 3699 
1877 1910 1941 2408 3149 
718 725 2311 3707 3627 2411 
849 1251 2037 3239 
1186 1774 1943 2405 
86 2410 
86 953 957 2381 2409 2566 
2406 2418 2412 
2411 2418 
217 2390 2399 2414 
217 2390 2399 2413 
430 2417 
349 2390 
2415 
983 1721 1773 2396 2411 2412 
2334 3801 3802 3067 3851 
1368 2782 
1222 4142 3697 2927 2928 2932 
1694 4007 
3089 2426 2432 
867 2429 2426 
236 1920 1922 1927 3841 
867 2423 2424 3089 2429 2432 
454 801 2438 
1151 1283 1361 
867 2424 2426 
1004 
3456 2433 
2423 2426 3089 
2431 3456 
1299 3456 
2596 3895 4216 2437 
532 4156 4166 
2435 2596 3895 4216 
801 2427 
794 3291 
1882 1887 3364 2448 
801 
575 
415 486 1924 1925 2669 2444 
1116 2028 2443 3977 3837 3941 2678 
94 700 
2447 
57 905 2446 
383 1495 2042 2440 2692 2702 
574 2137 2141 
1161 1788 4198 4201 
1495 2453 
2121 2122 2968 
2451 
762 764 
445 1514 
2307 
2477 2496 2500 2552 
720 996 1701 
1272 1300 3915 2460 
1300 2459 
2464 
3147 
2470 2471 2472 2475 
1552 2461 
1139 1581 2558 3281 3283 3282 
288 3986 
615 3842 3855 
795 959 3860 3321 
3854 3293 
2463 2475 
755 1930 2463 3545 
2463 
2474 2476 
1491 2473 
2463 2470 
2473 
2457 2496 2500 
2504 3322 
661 662 1267 
1803 
2482 2483 
1205 2481 2483 
865 2481 2482 
661 1263 2491 
1326 3784 3785 3786 
1893 2487 
2486 
2598 2495 3311 3312 
3587 
2541 
661 2484 
2501 2508 2510 
2494 
924 1179 2493 2502 
934 1883 2488 2844 2850 2851 
1602 1835 2457 2477 2500 
2507 
322 323 1072 
2501 2507 2540 3476 3480 3060 
2457 2477 2496 2506 
128 2492 2499 2507 2508 2510 
2494 2503 2506 2507 
2502 2509 
2478 
3773 2576 
2500 2502 
2497 2499 2501 2502 
2492 2501 2510 
2503 
2492 2501 2508 
1231 1759 3875 
1292 1805 1886 2017 2231 2297 
1997 2514 
2513 
756 1368 3534 
1435 3919 
404 3929 2518 2524 
2517 3929 
2019 3929 
3929 
2728 
1184 3838 
2305 2641 
2517 
939 3316 
689 3807 
1536 2528 
1536 2527 
1486 2532 
1542 2533 
1615 2536 
1486 2529 3946 3974 
1542 2530 
3088 2843 2535 
2534 3088 
2531 
2549 3940 
333 2164 2166 2167 2168 2368 2845 
689 2540 2545 2551 
2499 2539 2551 3551 
2219 2490 2542 
1388 2541 3019 
1884 
2547 2550 
689 2539 
1930 2832 2847 2849 
2246 2544 2550 
95 3883 3579 2587 2588 
2537 
2544 2547 
2539 2540 
2457 
85 4173 4175 
853 3525 2555 2556 
2554 2556 
2554 2555 
1193 
449 2465 3281 
1131 2184 2188 
759 
948 
2564 2566 2569 2570 2571 2572 
138 1609 2738 
2562 2569 2570 2571 2572 
827 832 836 3586 
957 2410 2562 2569 
3526 3822 2573 2574 2575 2568 
2567 3526 3822 2573 2574 2575 
2562 2564 2566 2570 2571 2572 
1187 2562 2564 2569 2571 2572 
2562 2564 2569 2570 2572 
2562 2564 2569 2570 2571 
2567 2568 3526 3822 2574 2575 
2567 2568 2573 3526 3822 2575 
2567 2568 2573 2574 3526 3822 
2287 2288 2505 3773 2621 2578 4127 4135 4136 4139 
1919 
2576 
348 
1362 
2237 
104 2585 
335 
222 705 1230 1751 3828 2670 2671 
2582 
2665 3781 
560 1221 1657 2548 
2350 2358 2359 2360 2361 2548 
54 1678 2609 2662 3714 3715 
567 1275 1740 
500 
1238 1273 2593 
611 1634 2592 
2052 2056 
218 246 730 
730 2435 2437 3895 4216 
956 
268 600 2488 3493 4163 
645 1570 2600 2601 2602 2604 2605 2607 
645 1570 2599 2601 2602 2604 2605 2607 
645 1570 2599 2600 2602 2604 2605 2607 
645 1570 2599 2600 2601 2604 2605 2607 
929 1368 3115 3758 3607 3608 
645 1570 2599 2600 2601 2602 2605 2607 
645 1570 2599 2600 2601 2602 2604 2607 
2178 
645 1570 2599 2600 2601 2602 2604 2605 
1172 3734 
2589 2610 2611 3714 3715 
2609 2611 
1842 2039 2286 2609 2610 3397 3717 3718 
4080 3712 
2113 3409 3412 3413 3416 3417 
1330 1461 1939 3732 
892 922 3730 3735 2730 4069 2616 
2615 2730 
2619 
1352 1358 1363 1365 1366 1367 1372 1373 1376 2628 2629 
1616 1617 1618 1619 2617 
576 578 3997 
2576 4053 3820 2622 2623 
2621 2623 
2621 2622 
226 516 2280 2630 2925 
704 
242 2776 3124 
4075 
1352 1358 1363 1365 1366 1367 1372 1373 1376 2618 2629 
1352 1358 1363 1365 1366 1367 1372 1373 1376 2618 2628 
2624 
525 2372 
917 1919 2633 2637 2638 2639 2640 
229 2632 2637 
516 1729 2922 2923 
3897 2636 
2635 
2632 2633 
1791 2632 2639 
2632 2638 2640 
2062 2063 2064 2065 2066 2176 2356 2632 2639 3352 3856 3685 
253 987 1029 2305 2523 
1743 3215 2988 
482 512 4217 
2115 4035 
4217 2697 4173 
1364 1498 1499 1500 1501 1502 1503 2647 2648 
2646 2648 
2646 2647 
458 4125 4128 
4024 4125 
3948 4128 2652 2653 2654 
2651 3948 4128 2653 2654 
2651 2652 3948 4128 2654 
2651 2652 2653 3948 4128 
4125 
51 1056 2657 2658 
51 1056 2656 
51 1056 1239 2656 2660 
2851 
51 2658 
149 4040 
54 235 282 2589 
1298 3062 3804 
2889 3195 
127 134 1055 1273 2055 2586 3692 3320 2668 2670 3781 
615 2160 
2263 
134 2665 3692 
2443 2679 
2584 2665 2671 
2584 2670 
1778 1780 1782 
4172 3797 3798 
3549 
1295 4173 
722 723 804 2678 
1633 
2444 2676 3837 
2028 2669 
916 958 967 2681 
916 958 967 2680 
114 1533 2683 
114 1533 2682 
747 2382 3878 2920 
1068 2686 2690 2696 2698 
513 1068 1595 2685 2690 2696 2698 
115 
77 3186 3188 
1279 1319 3183 3221 2694 
2685 2686 2696 2698 
82 1341 3005 
84 1495 2042 2448 2702 
4094 4114 
1803 2689 2995 4115 
171 3958 3987 3988 
1761 2685 2686 2690 2698 
2645 
2685 2686 2690 2696 
2312 2867 2700 3844 
1259 2699 2867 
84 
84 1062 1315 1495 2448 2692 
304 3809 3450 
2052 2709 2712 
1586 3752 2706 2707 
2705 3752 2707 
2705 2706 3752 
1753 2710 2711 
2052 2704 2712 
2708 4053 2711 4124 4125 3882 3943 
2708 2710 
2052 2704 2709 4120 
671 
407 415 419 420 424 428 2939 
1401 3941 2764 2765 
1004 1958 
3529 3795 3209 3211 
500 2719 
2718 
1869 3945 2992 4180 
780 782 4070 
822 3810 3037 3813 3814 3390 
860 861 862 863 3492 
1889 2259 3997 4001 
1475 
490 1228 1254 1567 3374 
481 3826 3827 
555 556 1199 2103 2521 3956 3590 3591 
38 39 40 66 
649 2615 2616 
3206 3213 2753 
3930 3935 
4257 4275 
296 
1524 3354 
3354 4034 
513 2746 2747 2748 
2563 4223 
3900 
2005 
1781 4178 
1130 1268 
918 3936 4007 3666 3074 
4225 2937 2942 2946 2947 
3244 3766 3285 3768 
2737 3193 3216 3218 2747 2748 3223 
2737 2746 3194 3193 3216 3218 2748 3223 3224 
2737 2746 2747 3193 3216 3218 3223 
4096 2982 
422 
1236 3528 3662 
1707 3569 4111 
2731 3237 
696 1343 1537 2057 3455 2767 3727 3728 3729 3889 
275 283 3716 
2993 2995 
521 
1369 1391 2759 
1146 2220 2758 
1055 2981 
1126 
1878 
3833 3834 
2075 2715 3941 2765 
2075 2715 2764 3941 
835 969 1453 1455 
696 2754 
3719 3723 3724 
1972 3042 2771 2772 2775 
514 3731 3336 3306 
2769 2772 2775 
2769 2771 2775 
1244 2775 
1117 1775 
2769 2771 2772 2773 
240 2626 3401 
90 831 1471 2778 2779 2780 
831 2777 2780 
2777 
831 2777 2778 
1380 1389 
1368 1369 2420 2828 3754 
416 1618 1619 1635 1639 
1923 3009 
559 833 
758 760 2787 2790 2791 
1771 1773 2786 2790 2791 
3911 2789 
2788 3911 
2786 2787 2791 
2786 2787 2790 
3650 
36 1378 3690 2981 4050 2963 3176 
83 1421 1489 2248 3543 3234 
1489 
1063 1295 
1329 2798 2799 2800 2801 
1329 2797 2799 2800 2801 
1329 2797 2798 2800 2801 
1329 2797 2798 2799 2801 
1329 2797 2798 2799 2800 
1979 2803 
1979 2802 
1765 2165 2805 2807 2808 2809 
1765 2165 2804 2807 2808 2809 
2810 
1765 2165 2804 2805 2808 2809 
1765 2165 2804 2805 2807 2809 
1765 2165 2804 2805 2807 2808 
2806 2868 
2083 3964 3965 2812 
879 2811 3582 3583 3965 
1791 1798 1799 1800 
401 651 2372 3174 3180 
2817 2818 2819 2821 
803 3939 
2815 2818 2819 2821 2885 
2815 2817 2819 2821 
2815 2817 2818 2821 
886 1961 2115 
2815 2817 2818 2819 
318 3435 3100 2824 2829 2831 2835 
3625 
2822 3620 3100 2829 
318 3743 
1738 3100 2827 
1738 2826 3100 
48 929 1368 2297 2782 3754 
2822 2824 3100 
2240 2247 2839 2842 
2822 2835 
2546 3032 3033 3041 
3743 
278 281 704 1173 1685 3832 
2822 2831 
1131 2188 2837 
1131 2188 2836 
293 1593 2853 2854 
2240 2830 2842 
460 1531 2852 3953 
1730 
2240 2830 2839 
1617 2534 
648 2495 3701 
2538 2851 
2114 3268 2852 
2546 2849 
2849 3584 
1928 2546 2847 2848 
2495 2851 
2495 2659 2845 2850 
91 2840 2846 3053 
1730 2838 
2838 
78 483 1558 
1714 1733 2366 2857 
1715 1716 2856 
1756 
3077 2862 3084 
21 2323 3233 
318 
1586 2859 3526 
11 3055 3056 3057 3058 
2865 2866 
2864 2866 3026 
2864 2865 
2313 2699 2700 2872 2869 2880 
199 2810 
2867 2877 2878 2880 2881 
2236 3284 2874 2884 2888 2895 
2872 2883 
2208 2867 2871 
1660 1962 2180 
2215 2236 2870 2878 2884 2888 2895 
604 2878 2885 
339 1997 
2869 2881 
2215 2869 2874 2875 2885 
1150 4137 4138 2882 
2867 2869 2901 
2869 2877 
2879 
598 2871 4249 
2236 2870 2874 2888 2895 
604 2215 2817 2875 2878 2888 
653 
2215 2888 2890 2892 
2215 2236 2870 2874 2884 2885 2887 2890 2892 2895 
1213 2664 
2215 2236 2887 2888 2891 
2236 2890 4154 
2887 2888 
494 
406 1326 2896 2897 
2236 2870 2874 2884 2888 
1326 2894 
2894 
2976 
1728 1991 3651 3652 3653 3657 2904 2997 
1065 
2880 
762 1065 1325 1729 1802 3337 
3795 
2899 
2906 2907 2908 2909 
1513 2034 2345 2905 2907 2908 2909 
2905 2906 2908 2909 
2012 2905 2906 2907 2909 
2905 2906 2907 2908 
385 691 1236 2917 3662 2940 
3300 
3474 
1768 3531 
425 1574 1575 
351 
1345 3938 2918 
175 385 679 1553 2055 2910 3018 3236 
1345 2916 3938 
3938 
77 2387 2388 2684 
1553 
516 2634 2923 
516 2634 2922 
400 401 402 516 928 1704 4037 
516 721 2404 2624 3699 
4216 
1222 2421 2928 2932 
1222 2421 2927 2932 
259 260 2931 
1648 
2929 
1222 2421 2927 2928 
184 2934 
2933 
3519 2936 2937 
2935 3519 2937 
2744 2935 2936 4225 2942 2940 2947 2951 
4225 4233 
424 428 2714 
2910 2937 
3506 2944 2945 
2744 2937 
1222 
2941 2945 
2941 2944 
2744 3744 
184 2744 2937 4225 2948 
184 2947 3106 2949 
2948 
4233 
2937 
3106 
363 2954 
363 2953 
2083 
104 
104 3569 2981 
2354 
1832 1834 3572 
372 728 2174 3361 
272 1148 1152 1298 2276 3772 2964 2965 
728 732 
36 1062 1930 2793 4050 
1298 2961 
2961 
702 1984 
1083 3256 3203 
2121 2122 2177 2452 
2981 
3569 3170 3171 2971 
2970 3836 3236 
797 798 1681 1682 3863 2973 4274 
2972 
965 1285 
868 
944 2281 2282 2898 
732 1134 
1494 1496 1606 
699 3556 
581 
1815 2760 2793 2957 2969 3569 3172 3167 
2749 
10 1743 3533 
1397 3353 2985 3357 
18 1397 2984 3711 
3275 2987 
2986 
1743 2642 
1838 2991 2994 2996 2998 
194 3949 2992 
2989 2994 2996 2998 
194 1151 1742 2720 2990 
1691 2756 
2989 2991 2996 2998 
2694 2756 3098 4118 
2989 2991 2994 2998 
1991 2899 
2989 2991 2994 2996 
4072 3680 3681 
265 
825 3496 
4105 
825 1424 
825 
2691 3969 
1244 3928 3422 
786 3544 
3544 
1923 2784 
3014 3016 3017 3022 3023 3024 3029 3030 3031 
3026 3027 3028 
3544 3013 
3012 3544 
3010 3015 3017 3021 
2000 3014 3020 
3010 
3010 3014 3021 
679 2917 3236 
2542 
3015 3026 
3014 3017 
3010 3023 3024 3029 3030 3031 
3010 3022 3024 3029 3030 3031 
3010 3022 3023 3029 3030 3031 
3425 
2865 3011 3020 3027 3028 
3011 3026 3028 
3011 3026 3027 
3010 3022 3023 3024 3030 3031 
3010 3022 3023 3024 3029 3031 
3010 3022 3023 3024 3029 3030 
2832 3034 3035 3036 3037 3038 3040 3041 
2832 3041 
3032 3035 3036 3037 3038 
3032 3034 3036 3037 3038 
3032 3034 3035 3037 3038 
2722 3032 3034 3035 3036 3038 
3032 3034 3035 3036 3037 
4275 
3032 
2832 3032 3033 
1972 2769 3414 
351 505 506 509 3294 3450 
2000 4257 3557 
3046 3047 
3045 3846 3047 3049 
1388 3045 3046 
1340 3050 3052 3053 
3046 4153 
3048 
1118 1578 2346 4235 
188 342 3048 
2852 3048 
475 476 613 1195 1758 
11 2863 3056 3057 3058 
11 2863 3055 3057 3058 
11 2863 3055 3056 3058 
11 2863 3055 3056 3057 
367 3104 3281 
2499 
3062 
2663 3061 
4116 
610 1101 3065 3066 4237 
3064 3066 
3064 3065 
2419 3851 
1232 3069 
1232 3068 
1232 3071 
1232 3070 
1232 1234 3073 
1232 1234 3072 
1536 1542 1543 2743 
862 866 869 2290 
2307 
2859 3084 
353 453 1398 
1331 
984 3797 3081 
3080 3797 3082 
3081 3797 
3797 
2859 3077 
3763 
1867 1997 2008 3763 3138 
4172 
2534 2535 3092 
2423 2426 2432 4172 
289 348 474 3101 
1582 1583 2004 2006 2008 
3088 
1036 
3511 4248 
1789 1790 
352 1023 1362 3101 3102 
748 829 1145 
2995 3105 
3996 3999 3118 
986 1738 2822 2824 2826 2827 2829 
289 348 3090 3096 3102 
3096 3101 
1957 4089 3114 3116 4091 
367 3059 3135 
459 3098 3806 
2948 2952 
768 1110 1434 1436 1603 3108 3109 
1434 1436 3107 
255 1434 1436 1603 3107 3110 3318 3319 3602 
3109 
3112 3113 
596 2362 3111 3539 3113 3127 3857 
3111 3112 
1957 2324 3103 3116 3202 
756 1122 1368 2603 3682 3683 
1957 3103 3114 
1840 3119 
3099 
80 3117 
2261 
3127 
3127 3132 
2019 2071 2229 3126 4174 
2626 3125 
1007 1008 1466 3124 3142 3144 3326 
4 731 839 3123 3130 3429 3327 3329 3330 3332 3333 
3112 3121 3122 
228 
315 1350 2001 2007 2011 3130 3959 3748 3371 3372 
4 2105 3126 3129 3959 3491 3330 3332 3333 
4173 
3122 
642 842 871 936 3389 
1124 1667 2352 2357 3392 3393 3396 3394 3395 
367 3104 3137 
2114 3743 
367 3135 
1867 1997 2265 3086 3763 3139 
3138 
4125 
1569 
800 1466 1648 2182 2191 3125 3144 3150 3431 
751 
259 800 1384 1847 3125 3142 3150 3325 3383 
2362 
2354 
655 990 2462 3159 3477 3537 3458 3459 3460 3461 3462 3469 3465 3466 
1030 1071 2113 3160 3407 
1877 1910 2405 3151 3152 3153 3154 
1847 1848 1849 1852 3142 3144 
3149 3152 3153 3154 
1808 1812 1813 1974 3149 3151 3153 3154 3155 3156 3157 3158 3161 3162 3347 
3149 3151 3152 3154 
3149 3151 3152 3153 
3152 3156 3157 
3152 3155 3157 3158 3161 3162 
3152 3155 3156 
1974 3152 3156 3161 3347 
990 3147 
70 1071 1576 1760 3148 3472 
3152 3156 3158 
3152 3156 
1547 
1779 1781 1783 2129 3169 
3205 3228 
3377 
2981 
3172 
1204 3164 
2970 3569 3171 
2970 3170 3569 
2981 3168 
1627 4141 
2814 3180 3181 
650 2118 
1378 2793 
2266 2267 3589 
140 992 1944 
575 811 
2814 3174 
3174 
355 356 1586 1950 2194 3589 3196 
2689 3193 
1547 
170 1179 
2688 3188 
2299 3189 3190 
2688 3186 
122 2262 3187 
2299 3187 3219 
890 
3195 3207 
2746 2747 2748 3183 3216 3218 3223 3229 3232 
2747 
2664 3192 3207 
3182 3589 
943 
1654 2092 2200 2300 
947 1116 
100 771 
704 
2324 3114 
2139 2967 3569 
3569 
3165 3230 3231 
2731 3213 
3192 3195 
3219 3226 
2717 3529 3795 
78 
2717 3529 3795 
4280 
2731 3206 
1421 
337 2117 2125 2642 
2746 2747 2748 3193 3218 3223 
2092 
2746 2747 2748 3193 3216 3223 
3190 3208 3225 3226 
4279 
1204 1279 2689 
3517 3521 
2746 2747 2748 3193 3216 3218 
2747 
3219 
3208 3219 
1060 2273 
2299 3165 
3193 3232 
3205 3231 
3205 3230 
3193 3229 
2860 
83 2248 2794 
515 571 572 1596 
679 2917 2971 3018 3534 
892 1394 2753 
801 
477 1662 2407 3240 4042 
3239 
628 1025 1109 1215 1870 3610 3731 4251 3704 
3645 3244 
1129 3587 3360 
2745 3242 3645 3571 3766 3285 3768 
539 3919 
850 1807 
325 1370 
1851 4246 
1332 
598 
1332 2133 
1651 3257 3260 3286 
113 1760 2086 3495 
751 1589 
2224 
1083 1938 2967 
1651 1781 3252 
688 1241 3845 3265 3272 
979 
3252 
88 720 
1105 3263 
1105 3262 
499 1665 3266 
688 1241 3258 3272 
1665 3264 
3275 3277 
2846 
46 671 3621 
761 4073 4074 
761 3273 3274 
688 1241 3258 3265 
3271 3274 
993 1451 3271 3273 3288 
874 1451 2986 3267 3277 
287 1737 1836 3477 
3267 3275 
1131 3279 
1131 3278 
1456 
2465 2558 3059 3857 3282 
2465 3281 
2465 
1946 1947 2870 3800 
2745 3244 
3252 
3736 
761 1451 3274 
3290 3292 3297 
3289 
230 303 702 1532 2107 2110 2439 
15 304 633 662 2112 3289 
613 2469 3990 
505 759 3043 4121 3296 
2109 4132 
759 942 3294 4121 3300 
3289 
303 
3377 
2911 3296 
456 1494 
463 2044 3303 
463 2044 3302 
3542 3305 
3304 3542 
245 2770 
702 
994 4053 
3310 
740 3309 
2488 3312 
2488 3311 
1737 3314 3315 
1737 3313 3315 
1737 3313 3314 
595 740 1336 2525 3322 
1579 3323 
255 3109 3319 
255 3109 3318 
134 143 144 223 1609 2055 2059 2060 2665 
2468 3860 
2478 3316 
1579 3317 4218 
539 1257 1258 3527 3335 
653 3144 
3125 
3126 
1459 3488 3494 
3126 
4 3126 3130 3332 3333 
1459 
4 3126 3130 3330 3333 
4 3126 3130 3330 3332 
698 
3324 
514 628 2317 2770 3731 3341 
762 921 1325 1440 1729 1802 2902 
3348 3349 3351 
533 534 543 3363 3370 
674 735 2338 2339 2341 2342 2343 2344 
3336 
3363 3365 3366 3367 3368 3369 
86 703 
2091 2279 3345 
2091 3344 3348 
2067 
3152 3158 
3338 3345 3349 3351 
3338 3348 3351 
4034 4035 4038 
3338 3348 3349 
2062 2063 2064 2065 2066 2176 2356 2640 3856 3685 
2984 3357 
2180 2735 2736 4034 
1974 
328 1974 
2984 3353 
345 1551 3936 
446 872 1313 1314 2285 4143 3934 4169 4171 4242 
1606 3243 3587 
372 374 2174 2264 2960 
115 116 2354 
533 1242 3339 3342 3365 3366 3367 3368 3369 
1880 1882 1887 1890 1892 1893 1894 1895 1896 1897 2440 3527 
3342 3363 3366 3367 3368 3369 
3342 3363 3365 3367 3368 3369 
3342 3363 3365 3366 3368 3369 
3342 3363 3365 3366 3367 3369 
3342 3363 3365 3366 3367 3368 
534 543 2258 3339 
315 1350 2001 2007 2011 3129 3748 3372 
315 1350 2001 2007 2011 3129 3371 3748 
766 767 772 1254 1872 2370 
490 2726 
1591 1859 1885 2097 3520 
3698 3377 
3166 3299 3376 
3852 
1832 1859 
3744 3381 3382 
3380 3382 
3380 3381 
1018 1384 3144 3737 3384 
3383 
272 392 1017 1197 2196 3737 
272 
272 
636 991 
3133 
1699 2722 
801 3522 3529 3530 
1667 3134 3393 3396 
1667 3134 3392 3396 
1110 1149 3134 
1124 1192 1973 3134 
1667 3134 3392 3393 
2286 2611 
1145 
4120 
1600 2347 
393 2151 2335 2776 3407 3410 
1761 1762 
778 
4022 3406 
2335 
3404 4022 
2335 3148 3401 
2365 2366 
2613 3412 3413 3416 3417 
2151 2335 3401 
656 1309 1519 1520 1521 1522 
2613 3409 3413 3416 3417 
2613 3409 3412 3416 3417 
1024 1855 1972 3042 3424 
270 
2613 3409 3412 3413 3417 
2613 3409 3412 3413 3416 
27 1163 
3420 3421 3452 
3419 3421 3452 
1145 3419 3420 
1024 1119 1244 3006 
1110 3426 3427 3428 
1024 1026 3414 
1024 3025 
3423 3427 3428 
3423 3426 3428 
3423 3426 3427 
1864 3126 
321 702 3625 3708 
1648 3142 
234 1071 3548 3433 
1071 3432 
1071 
398 2822 3439 3441 3442 
135 3437 3444 3445 3448 
135 3436 3444 3445 3448 
296 2072 
398 3435 3441 3442 
270 885 4030 
398 3435 3439 3442 
398 3435 3439 3441 
1733 3446 
135 1442 2197 3436 3437 3445 3448 
135 3436 3437 3444 3448 
1733 3443 
1715 3449 3451 
135 3436 3437 3444 3445 
1715 3447 3451 
2703 3043 4198 4201 
1715 3447 3449 
504 1019 1200 2197 3419 3420 
1162 
2036 2234 2235 2238 2247 2265 2324 
696 2106 2754 4182 3470 
1299 1540 2431 2433 2434 
605 729 871 919 920 1568 1919 3605 
3147 3537 3460 
3147 3461 3462 3469 
3147 3458 3537 
3147 3459 3462 3469 
3147 3459 3461 3469 
230 3468 
3481 3954 
990 3147 3466 
990 3147 3465 
1017 1286 
230 3463 
3147 3459 3461 3462 
3455 
709 847 3807 
70 1576 1760 3160 
3474 3475 
786 2912 3473 3475 3869 
3473 3474 
564 709 2499 3482 3483 
655 1836 3147 3276 
709 
1601 2201 3480 3485 
2499 3479 3485 
788 3464 
705 3476 3483 
3476 3482 
303 309 312 316 334 
3479 3480 
785 3487 3489 3490 
785 3486 3489 3490 
3328 3494 
3486 3487 3490 
3486 3487 3489 
2241 3130 
860 861 862 2723 
2598 
3328 3488 
1760 3253 
197 825 3001 
1201 3500 3501 3502 
669 705 1361 
1518 3759 
1201 3497 
1201 3497 3502 
1201 3497 3501 
435 1159 1274 3893 
707 856 932 1405 1989 3691 
1659 
686 2941 3690 3828 3938 3939 3940 
3511 3891 
3747 3509 3510 
3508 
1972 3508 3747 
3094 3507 3970 4248 
597 1004 
597 884 1817 
954 1424 
790 2379 3516 
790 2379 3515 
2201 3222 3521 
1076 3689 
2935 2936 4219 
478 2097 3375 
3222 3517 
3391 
1044 
1337 1338 
131 645 853 1252 2554 
2567 2568 2573 2574 2575 2862 3822 
217 220 3324 3364 3704 
174 250 253 708 710 1236 2376 2751 4173 3662 
1160 1865 2717 3209 3211 3391 3795 3788 
801 3391 
1768 2014 2913 3542 3533 3538 
545 922 943 1294 1772 4191 4205 
142 335 2983 3531 3542 
756 2515 3236 3535 3536 
3534 3536 
3534 3535 
3147 3458 3460 
2018 3531 
151 3112 
649 1480 
4249 
489 3304 3305 3531 3533 4045 
83 1421 2794 3547 
747 786 3007 3008 3012 3013 3551 3556 
755 2471 
2210 
1080 3543 
234 3432 
2674 4130 3550 
3549 4130 
1081 2540 3544 3556 3954 
3553 3555 
3552 3555 
11 12 13 14 16 1598 1980 2005 4240 
1222 3552 3553 3558 
699 2979 3544 3551 
3044 4257 
3555 3559 
3558 
1627 3567 3568 
4257 
1832 2292 2293 3563 3572 
1825 3562 3565 3566 
479 1352 1364 1730 4277 
1825 3563 3566 
1825 3563 3565 
450 1627 1670 3560 3568 3575 
1627 1656 1671 1673 3560 3567 3580 3594 3595 3596 3592 
1707 2139 2752 2957 2970 2981 3170 3171 3203 3204 4111 
3576 
1592 1828 1830 1831 3244 3630 3720 3744 3768 
1832 1834 2292 2959 3562 
3926 
969 3581 
1627 3567 
1671 3570 
3691 
257 4202 3732 4073 
757 1150 2548 
1656 1671 1673 3568 3594 
265 932 3574 
156 879 2812 3583 3585 3965 
879 2812 3582 3585 
1473 2848 4054 
3582 3583 
2565 
945 1129 1701 1703 2489 3243 3360 
1343 2294 3599 
874 2266 2267 3177 3182 3196 
2103 2728 3956 3591 
2103 2728 3590 3956 
1656 3568 3595 3596 
567 
1656 1671 1673 3568 3580 
1656 3568 3592 3596 
1656 3568 3592 3595 
583 584 585 586 587 588 589 600 1736 
586 1416 3607 
88 1343 3588 4173 
3601 3602 3603 
3600 3602 3603 
3109 3600 3601 3603 
3600 3601 3602 
208 
871 3457 
177 1462 1552 
1795 2603 3598 
9 1183 2603 
646 
646 1215 3241 
646 
646 3613 
646 3612 
1188 
136 
865 
4243 4244 4245 
1829 3630 
580 1247 2162 2163 3625 4087 3920 3921 3928 4128 
2824 4031 4032 4033 4036 4046 
671 3269 
712 1243 
1059 1215 1826 
494 1154 4073 
885 2823 3430 3619 
1126 
2406 
1497 3656 3661 3663 3668 3669 3670 3671 3672 3677 
3632 3636 3638 3639 3640 3641 3642 3643 3644 
1827 1828 1829 1830 1831 2206 2207 3571 3618 3937 
3632 
3629 3631 3636 3638 3639 3640 3641 3642 3643 3644 
3637 
823 1106 2284 
70 2303 3641 
3629 3632 3638 3639 3640 3641 3642 3643 3644 
1684 3633 
3629 3632 3636 3639 3640 3641 3642 3643 3644 
3629 3632 3636 3638 3640 3641 3642 3643 3644 
3629 3632 3636 3638 3639 3641 3642 3643 3644 
3629 3632 3635 3636 3638 3639 3640 3642 3643 3644 
3629 3632 3636 3638 3639 3640 3641 3643 3644 
3629 3632 3636 3638 3639 3640 3641 3642 3644 
3629 3632 3636 3638 3639 3640 3641 3642 3643 
3242 3244 
582 2135 
1728 3651 
3661 3664 3665 
1504 3677 
1845 2792 3673 3674 3675 3676 
1728 2899 3647 3652 3653 3657 
1728 2899 3651 3653 3657 
1728 2899 3651 3652 3657 
3658 3660 3661 
3858 3859 3861 3866 3867 3870 3871 
1497 3628 3661 3663 3668 3669 3670 3671 3672 3677 3687 
1728 2899 3651 3652 3653 
3654 3660 3661 
3862 3863 
3654 3658 3661 3943 3944 
1497 3628 3648 3654 3656 3658 3660 3663 3664 3665 3668 3669 3670 3671 3672 3677 
1236 2751 2910 3528 
1497 3628 3656 3661 3668 3669 3670 3671 3672 3677 
3648 3661 3665 
3648 3661 3664 
2743 3801 3802 
2090 2093 
1497 3628 3656 3661 3663 3669 3670 3671 3672 3677 
1497 3628 3656 3661 3663 3668 3670 3671 3672 3677 
1497 3628 3656 3661 3663 3668 3669 3671 3672 3677 
1497 3628 3656 3661 3663 3668 3669 3670 3672 3677 3687 
1497 3628 3656 3661 3663 3668 3669 3670 3671 3677 
3650 3674 3675 3676 
3650 3673 3675 3676 
2004 3650 3673 3674 3676 3678 3679 
3650 3673 3674 3675 3678 3679 
1497 1504 3628 3649 3656 3661 3663 3668 3669 3670 3671 3672 
3675 3676 3679 
3675 3676 3678 
2999 3920 3943 4072 3681 3683 3684 3686 4124 
2999 3680 4072 3683 3684 3686 
1274 3115 
1482 3115 3680 3681 4072 3684 3686 
3680 3681 3683 4072 3686 
2062 2063 2064 2065 2066 2176 2356 2640 3352 3856 
3680 3681 3683 3684 4072 
3656 3671 
613 1130 
1797 3518 
664 686 2379 2793 3506 
636 698 707 1107 3504 3577 
134 2665 2668 
796 
679 1989 
769 1040 2118 2373 2374 2377 3733 
411 1395 3746 
1222 2421 4142 
3376 3700 3710 
721 2404 2925 
1959 3698 
2844 3822 
3710 
473 
1668 3241 3527 3705 
3704 3839 3923 
193 811 1608 
1858 2311 2406 3710 3972 
321 3430 
1126 1628 1629 
3698 3702 3707 
2985 
2612 4080 
1086 3845 
2589 2609 3715 
2589 2609 3714 
2755 
84 2611 3718 
2611 3717 
2768 3720 3723 3724 
3571 3719 3721 3722 
3720 3722 
3720 3721 
2768 3719 3724 
2768 3719 3723 
1996 
696 1408 
696 1537 2021 2754 
696 2057 2754 
696 2754 3889 
1840 2615 3735 
1025 2770 3241 3336 
975 2614 3578 3734 
81 765 769 1963 2373 3695 
2608 3732 
2615 3730 
3287 3737 
272 3383 3385 3736 
969 3739 3740 
969 3738 3740 
969 3738 3739 
4086 
976 2332 
318 2825 2833 3136 
1592 2946 3380 3571 
41 2133 
411 1127 1395 1936 2179 3696 
2277 3508 3510 3749 
315 1350 2001 2007 2011 3129 3371 3372 
219 945 2179 2291 2364 3747 
2115 
997 
2705 2706 2707 
3754 3755 
1368 1369 2782 2828 3753 3755 
1360 3753 3754 
48 
48 
2603 
837 853 854 856 929 3499 3762 
1522 1617 1632 1640 
42 4265 3764 3765 
854 929 3759 
1867 1997 3085 3086 3138 3767 
3761 3765 3774 3775 
3761 3764 3769 
2745 3244 
962 3763 
2745 3244 3571 
3765 
4064 3776 3774 3775 3777 3778 3779 3782 
1717 
2961 
2505 2576 
3764 3770 4064 3776 3775 3777 3778 3779 3782 
3764 3770 3774 4064 3776 3777 3778 3779 3782 
3770 3774 3775 4064 3777 3778 3779 3782 
3770 3774 3775 3776 4064 3778 3779 3782 
3770 3774 3775 3776 3777 4064 3779 3782 
3770 3774 3775 3776 3777 3778 4064 3782 
943 
1273 2586 2665 
3770 3774 3775 3776 3777 3778 3779 4064 
3947 3945 
1326 2485 3785 3786 
1326 2485 3784 3786 
1326 2485 3784 3785 
2220 3963 3967 3973 3978 
3529 
3963 3974 
684 
635 722 723 3794 
3793 
853 1952 3792 
3791 
96 2717 2903 3209 3211 3529 
1144 1473 
2673 3080 3081 3082 3083 3798 3799 
2673 3797 
3797 
3284 
89 2419 3666 3802 
2419 3666 3801 
1298 
1298 2663 
613 
465 709 1993 3105 
211 689 709 1077 2526 3471 
2002 
304 2703 
2722 
265 843 
1193 1196 
2722 3814 
2722 3813 
1838 3816 3818 
1838 3815 3930 3818 
1838 
1838 3815 3816 
3823 3824 
994 1170 2621 3825 4121 
2241 2242 
1312 2567 2568 2573 2574 2575 3526 3701 
333 3819 3824 
3819 3823 
3820 
922 1393 1399 2727 3827 
2727 3826 
93 374 794 2584 3506 3960 3962 3940 3964 3965 
1252 2231 
490 3840 
691 704 714 3835 
713 966 968 1173 1685 2834 3835 
2763 
107 2763 3837 
691 704 713 714 2203 3831 3832 
15 1537 1538 1539 2971 
107 2028 2444 2678 3834 3838 
2522 3837 
3705 3923 
490 3830 
236 2425 
2467 3843 3855 
3842 
2699 
812 1108 1113 1241 3258 3713 4087 3850 4232 4234 
3046 3847 3848 3849 
3846 3848 3849 
3846 3847 3849 
3846 3847 3848 
2056 3845 
2419 3067 
1309 1452 3378 
956 2224 
2469 
2105 2467 3842 
2062 2063 2064 2065 2066 2176 2356 2640 3352 3685 
1259 3112 3281 
1259 3655 3859 3861 3866 3867 3870 3871 
3655 3858 3861 3866 3867 3870 3871 
1256 1297 2468 3321 
3655 3858 3859 3866 3867 3870 3871 
3659 
501 2972 3659 
2364 
3931 
3655 3858 3859 3861 3867 3870 3871 
3655 3858 3859 3861 3866 3870 3871 
546 
3474 
3655 3858 3859 3861 3866 3867 3871 
3655 3858 3859 3861 3866 3867 3870 
671 1534 3877 
247 
1181 
250 2376 2511 3886 
285 3916 
1534 3872 4238 4239 
629 825 2684 3913 
472 3887 
642 3883 
899 1472 
910 2710 4124 3890 
2548 3880 
472 1039 
1653 1899 
568 569 570 1039 3875 
472 3879 
1349 1938 
696 2754 3729 
910 3882 
3507 
437 448 3953 
3503 
96 
1992 2435 2437 2596 4216 
1213 
599 2635 
1841 
599 784 
1362 2739 4254 4172 
393 3905 3906 
1178 1724 1986 3968 
200 205 206 847 1610 2093 3907 3908 
1600 
3901 3906 
3901 3905 
558 3903 3908 
3903 3907 
664 1975 
6 978 1225 
777 1042 2788 2789 3914 3918 
777 3924 
3878 
1042 3911 
2459 
285 3876 
450 
777 1042 3911 3924 
2516 3245 
151 239 2394 3619 3680 3927 3928 3931 
3619 4087 4071 3922 
1244 1250 3921 
3705 3839 
3912 3918 
3929 
2184 3573 4207 4208 4209 3930 4211 4212 4214 
3920 3928 4232 3931 
580 2163 3006 3619 3920 3927 3931 
2517 2518 2519 2520 3925 
1754 2732 3816 3926 3935 
1231 1232 1234 3865 3920 3927 3928 
901 2394 
1637 
3359 
2732 3930 
1485 2278 2743 3358 4007 
3630 
713 1056 1345 2916 2918 2919 3506 
803 2816 3506 
374 2537 3506 3828 3960 
2075 2444 2715 2764 2765 3977 
664 4218 
273 2710 3660 3680 4124 3944 
3660 3943 
2720 3783 3947 
354 2232 2532 
3783 3945 
1208 2651 2652 2653 2654 4128 
2990 
499 517 551 552 
499 1428 1432 1433 1804 3952 
499 3951 
2840 3892 
499 1047 2043 3464 3551 
1184 2153 
499 2103 2728 3590 3591 
4106 4107 4110 
2695 3987 3988 
3129 3130 
127 374 987 1535 1707 3828 3940 
65 1878 
85 1422 3828 
3787 3789 
2083 2811 3828 3965 
879 2083 2811 2812 3582 3828 3964 
275 1383 1428 
529 3787 
474 3902 
3005 
567 3511 3980 
2220 
1092 3707 
1283 1457 3787 3978 
2532 3789 3977 
1422 
1362 3979 
2444 3941 3974 
3787 3973 3981 
1362 3976 
567 3970 
3978 3983 
3984 
1457 3981 
3982 3985 
1814 3984 
288 1716 2333 2466 
171 2695 3958 3988 
2695 3958 3987 
4054 3991 3993 3994 
3293 3992 3995 
3989 4054 3993 3994 
3990 
3989 3991 4054 
3989 3991 4054 
3990 
1052 1467 3099 3999 4060 
1523 1889 2620 2724 4001 
1203 
592 641 643 1052 1467 3099 3996 
730 4170 
1889 2724 3997 
105 609 2260 4003 4005 
4002 
4093 4006 
4002 
1818 4004 
2422 2743 3936 
4010 
1898 4010 4014 
1898 4008 4009 4014 4016 
887 4012 4013 
887 4011 4013 
887 4011 4012 
1898 4009 4010 
1389 
4010 4019 
193 
1937 
977 4016 4020 4047 
977 4019 4046 
4271 
3404 3406 4028 4027 
638 4026 4029 
472 2650 4125 
208 
149 638 1337 4023 4028 4029 4039 4040 
4022 4028 
149 1337 4022 4026 4027 4039 4040 
638 4023 4026 
270 3440 
923 3620 4032 
3620 4031 
3620 4041 4046 
2736 3350 3354 
1364 2644 3350 
3620 4046 
401 402 928 2924 
2002 3350 
149 4026 4028 
149 1337 2661 4026 4028 
4033 
451 3239 
451 
868 
3542 
3620 4020 4033 4036 
4019 
1368 4049 
1368 4048 
2793 2963 
1688 
831 851 
279 2621 2710 3308 4124 4126 4127 4128 
3584 3989 3991 3993 3994 
898 912 4056 4057 
898 912 4055 4057 
898 912 4055 4056 
885 889 898 4059 
885 898 4058 
3996 
866 2242 
691 
892 1031 1032 1577 
3770 3774 3775 3776 3777 3778 3779 3782 
691 
1208 2029 2030 2031 2032 2035 4155 4165 
892 4068 
892 4067 
892 922 2615 
780 782 888 2721 
3921 
2999 3680 3681 3683 3684 3686 
761 3270 3578 3624 4074 
761 1599 1875 3270 4073 
378 904 950 951 2627 
447 4216 
1287 1463 1467 
897 1508 2321 
99 1150 
930 1066 2612 3712 
901 4082 4083 
901 4081 4083 
901 4081 4082 
901 4085 
901 4084 
3741 4087 4088 
1255 3619 3845 3921 4086 4088 
4086 4087 
1878 3103 4091 
868 2222 2224 2225 
3103 4089 
1128 1341 2275 4095 
609 1017 1276 4004 
2693 4102 4104 4105 4113 4114 4116 4111 
1341 4092 
229 2749 
2180 
4173 
4173 
1169 1171 1177 4129 4147 
1835 
4094 4104 
127 987 
4094 4102 
2135 2136 3002 4094 4116 
1822 3957 4107 4108 4109 4110 4112 
1822 3957 4106 4108 4109 4110 4112 
1822 4106 4107 4109 4110 4112 
1822 4106 4107 4108 4110 4112 
1115 1822 3957 4106 4107 4108 4109 4112 
2752 3569 4094 
1822 4106 4107 4108 4109 4110 
4094 4122 
2693 4094 
512 783 999 2694 
2158 3063 4094 4105 
1169 
719 996 999 1496 2995 
4130 4133 4141 
1911 2712 3399 
3294 3296 3820 
4113 
2180 
2710 3680 3882 3943 4053 4125 
2649 2650 2655 2710 3140 4024 4124 4128 
4053 4127 
2576 4053 4126 4131 4134 4135 4136 4139 
279 2649 2651 2652 2653 2654 3619 3948 4053 4125 
199 4100 4147 
3549 3550 4119 4133 
4127 4134 
446 3295 
4119 4130 
4127 4131 
2576 4127 4136 4139 
2576 4127 4135 4139 
2879 4138 
774 775 776 2879 4137 4140 
2576 4127 4135 4136 
4138 
469 470 1627 1656 1671 3173 4119 4147 4148 4149 
1222 2421 3697 
1313 3359 
1380 4145 4146 4148 4149 4151 
468 4144 4146 4148 4149 
4144 4145 4148 4149 
4100 4129 4141 4152 
469 470 4141 4144 4145 4146 4149 
469 470 4141 4144 4145 4146 4148 
418 
1380 4144 
4147 
3049 
2891 
4066 4165 
532 1517 2436 
1048 4158 4159 4160 
1048 4157 4159 4160 
1048 4157 4158 4160 
1048 4157 4158 4159 
648 1438 
333 540 
2598 
1048 
4066 4155 
2436 4168 
1491 
4166 
3359 4171 
4000 
3359 4169 
1786 2673 3087 3089 3900 4179 4183 4185 4186 4188 
710 1342 2553 2645 2675 3131 3528 3599 4098 4099 4187 4175 4176 
3123 
2553 4173 4176 
4173 4175 
878 2177 2180 2181 
1781 2741 
1786 4172 4183 4185 4186 4188 
2720 
354 
3455 
1786 4172 4179 4185 4186 4188 
759 1348 2294 
1786 4172 4179 4183 4186 4188 
1786 4172 4179 4183 4185 4188 
4173 
1786 4172 4179 4183 4185 4186 
1307 1467 4190 
1307 4189 
922 1445 3532 
615 1221 
2242 
1088 
478 805 
2299 2305 
1845 4199 
1540 2096 2450 3450 4201 
1845 4197 
7 8 9 
1540 1724 2096 2450 3450 4198 
1154 1183 3578 
1473 
4219 4220 4221 
545 1294 1772 3532 
527 1604 
3926 4209 
3926 
3926 4207 
108 1151 1563 1564 1565 1566 2231 
3926 4212 4214 
3926 4211 4214 
434 952 2082 
3926 4211 4212 
1528 
840 846 911 914 1992 2241 2435 2437 2596 2926 3895 4076 
482 512 2643 2645 
664 3323 3942 
3519 4204 4221 
4204 4221 4230 
4204 4219 4220 
1272 
2738 
342 1663 1932 1933 
2744 2937 2938 2947 4233 
271 276 501 1183 
1183 
2033 2319 4230 4231 
4232 4234 
4220 4228 4231 
4228 4230 
1108 3845 3927 4229 4234 4236 
2938 2950 4225 
1108 3845 4229 4232 4236 
1118 2346 3051 
4232 4234 
3064 
3877 4239 
3877 4238 
11 12 13 14 16 1598 1980 3554 
440 1582 2004 
872 3359 
1635 3617 
3617 4245 
3617 4244 
1851 3248 4247 4249 
1851 4246 4249 
1505 3094 3511 
598 1851 2883 3541 4246 4247 
79 1851 
1870 3241 4252 4253 
4251 4253 
4251 4252 
386 388 1089 1851 2133 3900 4258 4265 
4271 
833 
1548 1550 2733 3044 3557 3561 4271 
185 376 4254 
711 
634 
995 1322 4262 4264 
1322 4261 
1169 4267 
4261 
3761 4254 4266 
4265 
4263 
1926 4269 
1169 4268 4270 
1976 4269 4272 
4021 4255 4257 
4270 4273 
4272 
797 1624 1681 2972 
2733 3039 
1730 2092 4278 
1730 3564 
1730 2299 4276 
1954 2200 2262 2298 2300 3220 4280 
1532 1954 3212 4279 
