274 2124
2 3 4 5 6 7 8 9 10 11 12 13 14 15 16 17 18 19 20 21 22 23 24 25 26 27 28 29 30 31 32 33 34 35 36 37 38 39 40 41 42 43 44 45 46 47 48 49 50 51 52 53 54 55 56 57 58 59 60 61 62 63 64 65 66 67 68 69 70 71 72 73 74 75 76 77 
1 42 18 22 12 32 25 27 24 13 16 76 39 47 31 45 20 61 11 10 26 14 48 15 19 6 35 40 3 4 77 55 43 5 9 7 21 56 23 8 17 264 34 33 30 36 37 38 44 41 49 124 59 100 53 60 46 209 50 65 54 102 84 133 62 81 74 207 89 91 75 114 
1 2 42 18 22 12 32 25 27 24 13 16 76 39 47 31 45 20 61 11 10 26 14 48 15 19 6 35 40 9 5 21 8 23 56 7 17 43 34 37 38 36 44 53 33 46 54 30 55 124 128 60 41 4 235 229 109 188 239 174 240 175 149 96 65 50 62 59 89 125 66 
1 2 3 42 18 22 12 32 25 27 24 13 16 39 47 31 45 20 61 11 10 26 14 48 15 19 6 35 40 21 9 5 8 56 7 43 23 17 55 65 58 36 38 88 41 33 116 81 52 51 54 46 50 53 34 100 63 125 117 204 60 170 241 177 62 102 85 238 74 66 37 75 77 
1 2 3 4 42 18 22 12 32 25 27 24 13 16 39 47 31 45 20 61 11 10 26 14 48 15 19 6 35 40 55 43 21 23 9 8 7 56 123 80 253 30 17 65 52 36 58 77 49 33 63 102 57 41 54 38 46 37 59 124 114 88 100 60 254 255 53 51 91 211 
1 2 3 4 5 42 18 22 12 32 25 27 24 13 16 39 47 31 45 20 61 11 10 26 14 48 15 19 8 9 35 23 7 21 17 56 43 40 55 236 80 237 33 38 37 44 49 34 36 54 46 60 41 50 65 84 133 62 30 81 52 59 66 165 119 76 77 
1 2 3 4 5 6 42 18 22 12 32 25 27 24 13 16 76 39 47 31 45 20 61 11 10 26 14 48 15 19 35 40 55 43 9 17 8 21 23 56 112 162 243 214 215 216 118 37 33 36 38 41 44 53 49 54 51 52 46 90 100 59 88 210 65 256 60 30 
1 2 3 4 5 6 7 42 18 22 12 25 27 24 13 16 39 47 31 45 20 61 11 10 26 14 48 15 19 35 40 55 43 9 21 56 23 17 29 65 50 38 60 41 37 204 32 125 252 133 99 130 114 211 30 62 265 266 267 268 269 270 271 272 273 274 
1 2 3 4 5 6 7 8 42 18 22 12 32 25 27 24 13 16 39 47 31 45 20 61 11 10 26 14 48 15 19 35 40 77 55 43 21 56 23 17 168 169 38 34 36 37 133 123 46 54 53 52 124 117 41 28 60 33 99 102 50 65 30 204 59 66 75 76 51 
1 2 3 4 5 6 7 8 9 42 18 22 12 32 25 27 24 13 16 76 39 47 31 45 20 61 11 23 43 17 48 14 15 56 35 21 19 37 115 38 33 34 53 50 26 65 102 91 44 84 60 55 62 89 212 52 204 74 36 59 66 213 133 40 41 30 
1 2 3 4 5 6 7 8 9 10 42 18 22 12 32 25 27 24 13 16 76 39 47 31 45 20 61 19 40 14 23 15 21 17 56 43 26 48 55 37 30 35 34 41 36 38 33 44 53 46 49 87 122 90 133 54 52 124 88 60 62 50 102 84 65 80 89 75 114 125 211 59 77 
1 2 3 4 5 6 7 8 9 10 11 42 18 22 56 15 21 13 25 14 61 27 47 20 19 16 23 17 24 26 45 35 40 76 112 77 113 49 114 43 115 30 31 58 48 36 33 32 39 34 38 41 116 81 52 55 65 54 46 51 57 90 37 101 117 80 60 102 50 118 53 119 59 
1 2 3 4 5 6 7 8 9 10 11 12 42 18 22 32 25 27 24 21 15 23 56 19 16 14 17 20 47 45 61 43 26 40 35 55 168 112 169 170 31 39 36 125 38 48 33 30 37 133 54 52 59 41 114 60 76 171 172 173 174 175 176 177 137 65 84 44 50 53 62 77 
1 2 3 4 5 6 7 8 9 10 11 12 13 42 18 22 32 25 27 24 16 76 39 47 31 45 20 61 26 21 23 35 17 15 56 19 40 55 112 214 215 118 162 216 163 33 34 38 36 48 44 49 43 65 90 46 54 37 41 30 124 59 117 60 217 172 185 106 183 218 219 174 175 220 80 199 109 177 221 62 51 205 222 223 186 224 225 226 227 228 229 230 231 50 99 114 84 66 75 232 
1 2 3 4 5 6 7 8 9 10 11 12 13 14 42 18 22 32 25 27 24 16 39 47 31 45 20 61 26 48 21 23 56 19 17 43 203 233 138 187 234 34 30 33 36 38 40 49 55 87 90 54 52 88 37 182 114 198 65 76 60 35 183 118 174 109 175 136 199 135 218 80 220 177 62 50 63 53 66 103 
1 2 3 4 5 6 7 8 9 10 11 12 13 14 15 42 18 22 32 25 27 24 61 21 23 20 19 47 17 26 45 40 56 35 123 55 178 179 180 181 160 43 34 50 53 88 51 31 30 59 124 182 38 37 36 65 52 46 60 33 39 41 171 183 184 185 173 186 187 188 189 48 74 44 66 91 190 191 57 75 84 76 192 62 77 
1 2 3 4 5 6 7 8 9 10 11 12 13 14 15 16 42 18 22 32 25 27 24 76 39 47 31 45 20 61 26 48 19 35 40 77 55 43 21 56 23 
1 2 3 4 5 6 7 8 9 10 11 12 13 14 15 16 17 42 27 35 20 23 25 22 56 45 21 43 47 19 26 24 40 55 76 59 36 33 32 39 30 31 41 34 87 65 88 48 89 90 37 46 38 81 58 60 91 50 61 74 66 92 93 94 95 96 97 98 99 53 77 
1 2 3 4 5 6 7 8 9 10 11 12 13 14 15 16 17 18 42 22 32 25 27 24 76 39 47 31 45 20 61 26 48 23 56 21 43 35 40 55 52 65 36 34 58 87 33 38 50 54 51 49 221 41 60 235 229 109 136 118 80 175 174 199 198 183 218 220 88 99 37 74 59 89 66 44 205 30 75 77 
1 2 3 4 5 6 7 8 9 10 11 12 13 14 15 16 17 18 19 42 22 32 25 27 24 76 39 47 31 45 23 35 61 21 56 43 26 40 55 132 33 125 36 38 30 41 44 49 37 111 52 117 46 60 48 88 63 53 133 50 65 51 74 204 59 89 73 57 77 
1 2 3 4 5 6 7 8 9 10 11 12 13 14 15 16 17 18 19 20 42 22 32 25 27 24 76 39 47 31 45 61 26 48 35 40 77 55 43 56 23 112 127 118 243 214 215 162 115 36 38 44 33 65 58 34 50 52 117 41 53 60 30 37 46 88 91 102 54 81 62 59 80 74 257 133 66 99 101 211 51 
1 2 3 4 5 6 7 8 9 10 11 12 13 14 15 16 17 18 19 20 21 42 43 23 35 45 40 25 61 27 47 56 24 26 55 30 37 38 31 39 32 41 100 36 101 60 48 33 46 76 84 65 102 103 99 54 50 53 74 104 105 94 106 107 108 109 110 62 66 75 91 111 
1 2 3 4 5 6 7 8 9 10 11 12 13 14 15 16 17 18 19 20 21 22 42 32 25 27 24 76 39 47 31 45 61 26 48 35 40 55 43 56 123 132 44 33 53 38 204 30 37 49 41 117 57 46 36 60 236 50 63 51 52 259 180 181 260 142 143 144 94 261 148 71 108 104 69 93 145 146 262 234 147 255 109 149 95 98 59 202 65 62 73 74 66 263 
1 2 3 4 5 6 7 8 9 10 11 12 13 14 15 16 17 18 19 20 21 22 23 42 32 25 27 47 56 61 45 48 26 160 161 76 162 127 163 33 39 31 35 36 43 38 40 41 55 49 37 87 34 52 90 54 30 57 58 117 60 102 65 50 91 164 106 165 166 53 62 75 167 
1 2 3 4 5 6 7 8 9 10 11 12 13 14 15 16 17 18 19 20 21 22 23 24 42 32 61 27 56 35 47 45 43 26 55 48 76 29 131 31 38 132 37 39 36 49 41 87 34 40 54 90 30 123 63 58 52 117 65 60 114 62 53 73 75 50 74 
1 2 3 4 5 6 7 8 9 10 11 12 13 14 15 16 17 18 19 20 21 22 23 24 25 42 32 27 76 39 47 31 45 61 56 40 55 35 123 38 54 50 48 62 37 44 43 53 65 59 30 89 201 46 198 60 75 91 41 77 
1 2 3 4 5 6 7 8 9 10 11 12 13 14 15 16 17 18 19 20 21 22 23 24 25 26 42 32 47 56 61 45 35 76 55 29 115 39 34 36 38 31 53 44 37 33 133 48 41 43 40 30 52 117 65 60 134 135 136 137 138 139 140 141 66 68 142 107 143 144 145 146 147 97 109 148 149 150 62 114 151 152 153 154 155 156 157 158 159 50 77 
1 9 42 
1 8 25 27 
1 2 3 5 6 7 8 9 10 11 12 13 14 15 16 18 19 20 21 22 23 24 25 26 27 42 32 76 39 47 31 45 61 35 55 43 
1 2 3 4 5 6 7 8 9 10 11 12 13 14 15 16 17 18 19 20 21 22 23 24 25 26 27 30 42 32 39 47 206 132 38 34 48 33 125 43 56 35 40 36 44 37 41 55 52 51 54 65 87 49 59 117 50 61 102 45 84 60 130 99 62 74 100 166 165 
1 2 3 4 5 6 7 8 9 10 11 12 13 14 15 16 17 18 19 20 21 22 23 24 25 26 27 30 31 42 120 121 122 76 33 34 39 36 48 35 43 38 45 40 37 111 44 41 53 56 47 49 87 55 54 57 123 124 125 60 62 126 61 50 65 66 52 127 128 129 72 73 130 
1 2 3 4 5 6 7 9 10 11 12 13 14 15 16 18 19 20 21 22 23 24 27 31 32 42 76 39 47 45 48 35 40 55 43 56 
1 2 3 4 6 9 10 11 12 14 15 16 18 19 21 24 25 27 31 32 39 47 45 48 55 43 
1 2 3 4 5 6 7 8 9 10 11 12 13 14 15 16 17 18 19 20 21 22 23 24 25 26 27 30 31 32 33 42 76 39 47 45 61 48 40 55 56 112 65 132 38 58 36 43 37 41 49 53 122 90 54 60 102 52 62 50 74 66 44 89 202 238 73 84 75 114 208 51 59 77 
1 2 3 4 5 6 7 9 10 11 12 13 14 15 16 18 19 20 21 22 23 24 25 27 31 32 35 42 39 47 45 48 40 55 43 56 
1 2 3 4 5 6 7 8 9 10 11 12 13 14 15 16 18 19 20 21 22 23 24 25 26 27 31 32 35 42 39 47 45 61 48 40 77 55 43 56 
1 2 3 4 5 6 7 8 9 10 11 12 13 14 15 16 18 19 20 21 22 23 24 25 26 27 31 32 35 42 39 47 45 61 48 40 55 43 56 
1 2 3 4 5 6 7 8 9 10 11 12 13 14 15 16 17 18 19 20 21 22 23 24 25 26 27 30 31 32 33 34 35 36 37 38 42 76 56 58 48 45 40 43 44 47 55 54 41 46 65 81 60 196 197 134 118 135 174 198 199 200 183 61 201 166 202 92 62 53 84 114 125 59 77 
1 2 3 4 5 6 7 8 9 10 11 12 13 14 15 16 17 18 19 20 21 22 23 24 25 26 27 31 32 33 35 36 37 38 39 42 47 45 61 48 43 55 46 56 112 132 41 49 60 133 74 53 50 89 
1 2 3 4 5 6 7 8 9 10 11 12 13 14 16 18 19 20 21 22 23 24 25 26 27 31 32 35 39 40 42 47 45 61 48 77 55 43 56 
1 2 3 4 5 6 7 8 9 10 11 12 13 14 15 16 17 18 19 20 21 22 23 24 25 26 27 28 30 31 32 33 35 36 37 38 39 40 41 78 79 80 47 56 48 44 45 49 55 63 54 43 81 82 60 83 84 85 52 50 65 61 86 
1 2 3 4 5 6 7 8 9 10 11 12 13 14 15 16 17 18 19 20 21 22 23 24 25 26 27 30 31 32 33 34 35 36 37 38 39 40 41 42 47 45 61 48 55 115 58 53 65 51 49 50 209 90 57 63 123 88 100 60 84 62 52 59 74 213 165 99 76 56 
1 2 3 6 7 10 11 13 14 16 19 20 21 23 26 27 31 32 35 39 42 45 61 48 55 
1 2 3 4 5 6 7 8 9 10 11 12 13 14 15 16 17 18 19 20 21 22 23 24 25 26 27 30 31 32 33 34 35 36 37 38 39 40 41 42 43 44 76 47 56 55 132 58 49 133 123 48 54 51 52 60 207 65 53 50 102 61 85 59 62 202 92 66 75 114 208 205 89 77 
1 2 3 4 5 6 7 9 11 12 14 16 18 20 21 22 23 26 39 40 47 61 48 55 56 
1 2 3 4 5 6 7 8 9 10 11 12 13 14 15 16 17 18 19 20 21 22 23 24 25 26 27 30 31 32 33 34 35 36 37 38 39 40 41 42 43 45 46 56 61 203 204 55 87 53 88 48 54 57 100 60 62 63 50 102 65 84 205 202 92 75 111 
1 2 3 4 5 6 7 8 9 10 11 12 13 14 15 16 17 18 19 20 21 22 23 24 25 26 27 31 32 33 34 35 36 37 38 39 40 41 42 43 44 45 46 47 76 61 56 52 65 58 49 54 55 57 100 82 60 62 91 84 99 126 59 74 66 127 50 
1 2 5 6 7 11 12 14 15 19 20 23 24 25 31 32 35 40 42 43 45 48 56 
1 2 3 4 6 8 9 10 11 12 13 14 15 16 18 19 20 21 22 23 24 25 26 27 31 32 35 40 42 43 45 47 48 76 61 55 
1 4 5 7 9 12 14 16 19 20 21 23 31 35 43 45 55 
1 4 5 6 7 9 10 11 12 13 15 16 19 20 21 23 24 25 27 31 32 35 42 43 45 48 61 55 
1 2 3 4 5 7 9 10 11 12 13 15 16 18 20 21 22 23 24 25 26 27 32 35 39 40 43 45 47 61 55 56 
1 2 3 4 5 6 7 9 11 12 13 14 15 19 21 22 24 25 26 31 32 35 39 42 45 47 48 55 
1 2 3 4 5 6 7 8 9 10 11 12 13 14 15 16 17 18 19 20 21 22 23 24 25 26 27 30 31 32 33 34 35 36 37 38 39 40 41 42 43 44 45 46 47 48 50 51 52 53 54 76 61 77 56 178 242 243 179 181 180 63 133 123 57 58 100 125 65 114 89 212 60 244 245 246 247 248 62 84 99 85 74 204 59 205 187 107 217 249 250 186 230 251 252 92 110 232 66 75 192 
1 2 3 4 5 6 7 8 9 10 11 12 13 14 15 16 17 18 19 20 21 22 23 24 25 26 27 31 32 33 35 36 37 38 39 40 41 42 43 45 46 47 48 49 53 55 61 112 258 133 132 116 125 123 90 60 
1 5 12 16 20 23 24 32 43 47 48 55 
1 4 5 12 18 19 21 24 25 35 39 43 45 48 55 77 
1 2 3 5 6 7 9 10 11 12 13 14 16 18 19 20 21 23 26 31 35 39 43 45 48 55 77 
1 2 3 4 5 6 7 8 9 10 11 12 13 14 15 16 18 19 20 21 22 23 24 25 26 27 31 32 35 39 40 42 43 45 47 48 55 56 76 61 
1 2 3 4 5 6 7 8 9 10 11 12 13 14 15 16 17 18 19 20 21 22 23 24 25 26 27 30 31 32 35 37 38 39 40 41 42 43 44 45 46 47 48 50 52 53 55 56 60 76 209 131 65 210 126 181 62 99 84 75 89 125 77 
1 2 3 4 6 8 10 11 13 14 15 16 21 22 23 24 25 26 27 31 32 35 39 43 45 47 48 55 61 76 
1 4 5 15 20 23 25 42 43 47 55 
1 
1 2 3 4 5 6 7 8 9 10 11 12 13 14 15 16 18 19 20 21 22 23 24 25 26 27 31 32 35 39 42 43 45 47 48 55 61 
1 3 4 6 9 10 14 15 16 18 19 21 22 23 27 32 35 45 48 55 
1 
1 27 
1 23 
1 
1 23 
1 32 
1 20 23 25 32 35 
1 2 4 10 16 18 19 20 21 22 23 25 31 35 40 43 48 55 
1 2 4 9 11 14 16 19 22 24 25 26 35 45 47 55 61 
1 2 3 6 7 9 10 11 12 13 14 15 16 17 18 19 20 21 22 23 24 25 26 27 30 32 33 35 39 43 45 48 50 55 60 61 62 161 162 127 90 193 194 195 
1 2 4 5 6 9 11 12 13 16 17 18 19 20 21 26 27 35 37 39 41 45 55 58 59 61 237 100 
42 
42 
5 6 11 12 14 15 19 21 42 
2 4 6 12 18 21 39 42 
42 48 
42 
2 6 10 11 13 14 16 22 31 35 39 42 43 47 48 55 61 
4 42 45 55 
42 
11 15 18 19 24 25 31 32 47 
4 5 7 11 15 16 18 19 20 21 43 47 
2 3 10 11 18 19 20 26 35 40 45 55 61 
7 11 12 14 15 18 24 25 35 43 56 76 
2 5 10 16 18 21 22 24 26 48 
18 39 45 47 55 
18 23 
18 22 23 
18 23 
3 18 
18 27 
18 23 
8 9 14 18 19 21 22 31 43 48 55 61 
2 4 5 7 22 31 43 47 48 55 77 
12 21 22 
2 4 5 9 10 11 12 21 22 24 31 35 45 47 
15 22 
22 23 
22 
14 22 24 
22 27 55 
22 23 
3 14 15 19 22 23 27 
22 55 
20 22 32 47 
7 12 13 14 21 35 40 56 
12 
2 5 8 11 12 13 14 15 25 27 35 39 45 55 
10 12 21 27 43 
4 12 56 
4 9 12 14 20 21 23 24 25 27 31 
7 12 14 15 19 21 39 
6 12 
32 
32 
11 32 35 
5 9 16 23 25 26 32 43 45 55 56 
2 3 5 9 11 14 16 32 
3 4 8 11 13 20 31 32 39 55 56 61 
32 48 61 
21 24 32 48 76 
3 32 
32 
8 31 32 
25 61 
20 23 25 31 35 40 45 56 
2 6 8 9 10 11 13 20 21 27 40 45 55 56 
27 39 
15 27 39 
15 19 27 
13 27 
15 27 
27 
27 
27 
23 27 
23 27 
23 27 
23 27 
23 27 
23 27 
23 27 
3 23 27 
27 
27 
27 
27 
27 
27 
27 
27 
27 
27 
16 24 
24 76 
7 14 21 24 76 
14 24 
24 
6 24 31 43 
24 31 39 
24 
9 13 
9 13 
4 13 
13 16 
13 14 
13 16 
3 13 14 15 19 39 
3 13 14 15 19 
13 
4 13 14 15 
16 55 
16 55 
16 23 55 
16 23 55 61 
15 16 
14 15 16 19 39 
16 
14 16 
14 16 55 
15 16 55 
3 16 
16 
16 
16 
16 55 
76 
76 
76 
39 
39 
15 19 26 39 
14 15 19 39 
39 
26 39 
23 35 39 45 47 
15 47 
4 8 9 10 20 23 47 55 
14 19 45 47 55 
31 
2 45 
35 45 
2 43 61 
7 61 
5 8 11 21 
10 55 
10 43 
7 14 21 
7 14 21 
7 14 
14 55 
14 15 19 
14 
14 15 19 
14 19 
14 
14 
14 
14 
14 
14 
14 
3 14 19 
14 55 
14 
14 55 
15 
15 23 
3 19 
6 23 
6 77 
4 35 
3 
3 
4 
55 
7 21 55 
55 
55 
55 
55 
55 
55 
55 
55 
8 55 
5 
5 
5 23 
7 
21 
56 
23 
23 
23 
23 
23 
2 
8 
8 
8 
8 
8 
8 
8 
8 
8 
8 
