959 1428
139 174 919 680 531 856 
734 410 896 
401 403 198 266 
781 825 157 
142 225 239 702 707 706 
199 21 295 538 633 
382 
625 
312 174 225 10 946 
9 312 623 566 
671 591 
855 346 
728 627 
525 854 862 
700 291 
285 
430 471 
742 498 900 875 
467 471 71 673 
151 418 780 901 90 95 287 101 122 123 
6 271 295 307 783 694 699 
540 
629 
573 
162 236 238 
704 
701 766 769 285 28 
27 285 
435 823 617 
386 396 151 243 286 289 
445 606 
824 924 940 
937 957 
875 
183 203 771 
727 690 
833 
653 
513 
391 75 128 
466 343 730 531 
55 362 
485 758 599 609 639 393 827 147 
60 94 
692 
194 247 71 
194 736 710 938 140 
195 
859 104 
203 
772 866 499 501 512 
232 486 451 
718 
209 225 632 
42 759 277 788 576 813 97 
213 671 908 
723 372 58 521 530 
57 723 372 812 521 530 608 
213 
44 182 
612 777 
551 722 
527 320 837 492 446 803 813 
225 912 
899 343 720 
187 
230 399 305 
186 534 
500 
724 
19 46 248 251 254 72 673 674 711 
71 673 675 674 711 
214 263 493 
168 472 942 725 
40 391 647 128 892 
401 647 455 743 406 357 846 893 
628 
439 
916 932 
895 907 
631 276 311 898 
85 740 185 201 
866 698 
304 
82 740 360 
361 
378 504 374 
561 762 472 817 
528 530 608 
20 415 
440 824 93 171 173 175 176 
160 161 107 924 668 
91 173 175 
44 285 717 
20 196 
920 98 
55 759 813 
96 920 674 
672 
263 252 949 
20 943 123 
473 
348 782 
49 
459 
527 446 
92 134 125 161 169 167 252 120 922 923 924 703 
337 907 693 546 
447 
571 472 462 
257 445 666 500 114 264 410 
571 115 
571 883 305 439 
111 837 317 264 
112 552 
368 635 637 399 300 253 598 818 907 670 554 
332 494 
900 
284 
107 125 129 923 
728 
20 123 
20 101 122 
193 719 
107 120 134 303 169 922 923 924 
258 624 641 
181 460 630 694 697 
40 75 203 468 
120 151 237 250 729 
436 532 
656 896 
413 226 161 168 164 165 924 940 941 
151 252 254 331 942 943 944 
107 125 135 136 183 203 160 622 770 771 773 774 775 
134 136 
134 135 
162 219 292 462 
561 229 255 
1 174 217 251 
47 710 938 
596 
5 945 946 707 
763 381 422 
576 589 293 914 
689 
933 875 803 
43 485 732 609 474 180 
376 743 643 
170 
751 199 
20 30 129 133 396 243 472 286 
825 592 
826 
413 168 167 940 
413 168 667 
831 
4 959 375 
596 333 830 348 
413 160 163 443 164 165 
92 134 159 413 163 443 773 668 
92 107 132 413 169 165 923 924 669 672 
25 137 522 179 297 292 
159 160 413 203 443 164 
132 159 163 413 443 165 663 676 
132 159 161 164 413 443 168 167 940 941 663 676 678 679 680 
858 853 
107 154 165 413 169 923 940 
74 132 154 155 165 413 824 923 940 667 
107 125 161 167 413 254 924 
149 267 
91 175 
747 696 
91 93 175 176 
1 9 139 217 
91 93 171 173 176 
91 173 175 
945 
352 825 577 592 594 
162 783 
147 609 
127 263 460 463 417 958 697 
60 
35 134 470 203 736 622 771 
284 
82 550 214 
68 756 496 
66 219 292 
297 894 
416 
401 456 242 
346 829 
219 308 625 
124 196 
46 47 611 247 
48 407 357 
95 193 
297 
3 403 474 266 
6 150 864 751 879 882 
622 676 
82 385 645 
789 535 
35 50 128 134 163 183 886 622 771 
391 222 618 842 
218 460 
469 579 643 
542 278 288 290 293 294 726 441 
542 278 
54 848 
548 568 779 478 536 802 903 
433 221 
433 571 472 693 
56 59 449 484 
73 185 631 276 495 266 634 
550 
447 
139 174 248 250 251 255 942 
205 
137 187 192 748 292 
883 
211 433 
204 
883 944 
486 261 
5 9 54 64 312 644 945 946 774 775 706 
132 
682 834 228 404 
227 370 751 274 
138 474 885 883 303 
67 
620 562 
52 356 857 
509 512 318 
506 515 
503 508 
25 238 
129 823 617 
25 236 440 
5 644 
291 
475 242 
190 241 475 
30 151 
300 305 552 
635 267 300 305 670 
254 942 
46 194 
71 217 251 673 
252 251 254 
129 217 252 251 254 923 942 
71 139 217 248 249 250 252 254 942 
100 107 133 249 250 251 254 923 942 
116 368 598 
71 133 169 246 249 250 251 252 942 
138 217 
743 
111 340 
126 624 641 
853 
900 
224 339 379 424 486 791 801 363 862 794 
724 812 
73 100 181 380 417 
111 114 
450 361 
3 198 214 366 403 637 491 
170 245 590 
900 
671 638 
336 
21 304 472 437 
370 834 
370 435 
228 370 851 295 459 630 
477 537 
81 214 631 733 
55 341 796 813 
207 208 448 524 290 726 
881 
483 752 753 754 
448 293 298 
651 335 329 
741 606 284 514 
119 184 283 423 374 
16 27 28 94 451 
30 151 
20 636 
207 290 293 322 
30 
207 278 288 322 
15 240 539 505 860 
137 162 187 219 748 
144 207 281 288 542 576 589 294 298 914 350 441 
207 293 
6 21 274 370 851 455 465 694 697 
297 
162 188 197 296 633 694 
281 293 914 
525 606 
116 244 245 750 635 305 670 
311 738 882 694 
839 629 592 
125 229 
84 271 389 437 
67 113 244 245 300 750 635 670 
740 
21 
192 616 625 
804 
540 953 
81 301 
9 10 225 
699 
781 397 526 
550 
653 
114 
233 797 
805 857 
63 
498 
288 290 
350 326 
839 543 353 588 
742 498 
323 
861 489 
523 414 685 840 361 362 
282 651 335 464 442 
763 422 
133 390 
117 494 
158 336 
945 
282 329 651 
270 333 
108 
605 
261 
257 445 527 
277 361 
899 
41 65 398 919 
398 
933 503 
12 191 
858 
103 158 865 624 894 
355 617 
293 323 654 589 914 
644 
178 826 577 
324 543 
850 496 859 
349 583 910 
232 
76 195 575 
467 471 655 658 
865 455 630 
85 
86 265 328 341 518 681 584 875 799 813 
42 328 492 875 803 813 
261 486 
686 
387 
266 
620 383 591 
116 253 598 
387 
228 272 273 274 295 435 459 
392 
57 58 
606 804 840 841 
87 284 
157 635 919 
148 
468 878 643 
87 793 
261 844 926 
263 
143 763 422 
7 823 
367 
747 863 564 576 
201 633 646 613 
30 
365 369 391 474 533 491 737 915 
927 575 
304 838 467 929 930 
331 
40 75 204 387 494 
371 954 755 868 
43 784 
631 469 579 545 
682 431 453 
30 151 398 
314 795 572 
343 344 396 
67 116 750 561 816 
447 
3 76 190 456 
420 
3 198 266 474 476 
227 
429 
76 831 953 
195 
484 462 
683 
2 111 
454 513 681 685 
570 
132 154 155 159 160 161 163 164 165 167 168 169 440 443 
328 513 
90 562 
189 519 
181 263 460 
20 600 519 
727 947 
402 423 
720 
143 330 381 763 495 
284 420 903 835 
261 
548 569 692 
503 
762 
729 730 
405 599 607 
17 
395 682 453 677 
476 
211 212 221 
755 
29 273 370 
130 
271 304 
811 906 551 559 
78 113 695 
91 238 413 
207 293 726 
329 464 
159 160 163 164 165 413 
936 956 
31 111 340 507 
63 106 461 527 
109 216 400 588 
278 281 524 
213 
265 
52 285 
540 
395 431 
411 840 
76 295 359 
190 401 
570 935 488 764 
713 
105 274 370 721 876 
127 181 205 417 466 603 
446 
110 137 408 721 
181 782 729 602 
329 442 
295 
41 460 475 873 909 849 
19 358 389 471 519 655 657 658 
128 377 761 821 600 884 
206 394 579 545 
183 622 771 
17 19 358 467 490 958 590 655 658 662 663 664 
74 88 110 151 212 271 852 817 918 
102 852 943 
147 198 229 387 403 731 
241 242 466 
403 432 
275 732 
210 802 
813 
593 
673 675 
836 930 
280 484 752 753 754 642 555 580 581 582 
213 408 483 911 
43 147 
52 224 261 363 512 791 
904 
457 570 935 764 
327 904 861 
471 
266 387 
63 362 803 889 
73 
117 332 391 621 
214 422 637 
186 354 950 
780 
18 321 325 
51 
69 111 744 
51 
505 
235 345 426 
87 
291 502 797 515 
234 515 
445 683 
235 
233 
828 593 692 880 
659 656 
51 233 486 
39 411 414 529 
283 
234 505 506 934 
854 
685 
361 939 683 
416 418 467 
932 891 
57 58 741 528 
162 881 
328 549 
278 448 
14 299 
314 
63 106 340 446 788 
89 521 741 
513 
57 58 89 741 
1 41 
130 540 
387 
68 
202 
210 605 
275 
6 597 728 
291 
22 310 452 532 872 909 
836 
207 208 293 
324 353 
747 
394 469 579 
108 907 908 
807 808 809 810 
210 425 559 565 568 569 
523 
185 215 315 
62 438 
115 244 
728 
116 601 919 
483 754 
615 629 
727 
563 651 
438 548 568 569 
565 
88 138 399 815 816 817 818 
231 415 745 
558 568 
384 
548 560 569 
10 831 623 
575 842 847 
210 548 559 563 
425 548 559 565 
412 457 488 776 
110 112 113 212 
397 573 
24 572 648 
611 872 
357 388 567 927 637 
55 144 293 384 652 
178 352 610 
653 
206 394 469 545 631 587 921 712 
483 874 
483 754 582 
483 581 754 869 
355 751 
361 
917 595 
781 
579 708 949 
324 447 826 594 
144 293 350 914 
267 471 887 623 663 664 
11 367 
152 178 302 615 629 691 
480 510 
178 588 826 604 
585 716 
141 158 824 830 831 
538 
116 253 368 
43 429 
418 468 
554 602 919 856 
463 601 729 
460 
594 
338 536 917 
31 283 299 373 
429 749 
58 89 
43 147 180 732 
577 
194 574 
61 
385 
623 770 667 
556 592 629 
308 735 
29 237 349 626 943 
204 656 
826 
231 367 
494 
134 183 200 203 470 
10 566 590 614 887 
126 258 348 641 
8 192 308 645 
617 896 
13 851 783 
77 679 
23 302 556 592 615 790 850 
127 274 359 
81 214 276 394 579 
54 
6 297 385 697 
214 743 
116 245 300 305 375 
287 
116 266 495 575 881 809 
269 671 
43 
837 
126 258 624 893 901 
483 
148 206 377 
225 239 351 945 946 
201 625 671 
385 820 
75 76 
573 
756 
891 
282 329 335 558 
576 653 
38 316 578 652 806 
350 747 805 
358 467 471 
131 511 618 
467 
358 467 471 
511 
727 
863 806 665 
471 913 958 664 
164 165 471 590 887 770 
471 590 662 
661 806 
111 
155 168 614 
92 160 773 
161 824 941 
116 245 300 305 
11 56 269 638 645 
99 161 
19 71 72 248 481 675 674 703 
71 72 98 673 675 
72 481 673 674 
164 165 200 680 
431 
165 679 
165 628 678 
1 165 676 
361 411 837 803 
227 395 431 
409 507 518 
687 
328 411 517 939 689 814 
364 747 
684 744 
715 
145 685 700 799 792 
36 
592 709 
45 425 510 
108 212 
21 127 295 297 301 
439 
172 
127 181 295 633 952 
83 
21 313 
15 689 
27 
5 
107 673 
26 705 712 
704 878 774 
5 225 945 946 
5 142 
587 
691 947 
47 140 736 938 725 
71 72 
579 704 
458 827 
789 859 
688 909 
595 819 
94 760 
53 897 
124 851 
65 421 896 
459 462 
62 
57 58 
70 262 855 
74 710 770 
207 278 441 
36 419 557 660 
13 121 538 553 
129 428 463 602 782 896 730 
41 428 729 
474 
147 477 609 
276 739 
2 
616 
47 183 710 824 938 
387 746 915 
301 
733 
82 85 306 757 745 
283 521 528 530 
18 325 
76 148 256 634 
500 687 840 
562 740 
737 915 
172 384 544 654 686 
219 292 
607 905 
300 305 399 
150 199 228 583 782 783 
280 483 753 754 
280 483 752 754 
280 483 555 581 582 752 753 
392 434 
186 649 777 
740 
43 
55 97 813 
717 
468 
88 427 
143 330 381 422 
457 488 902 768 
767 
27 767 769 
765 766 769 
764 
27 766 767 
134 614 663 725 
35 134 183 203 470 924 
51 
134 160 668 
134 225 705 775 
134 225 774 
570 
61 756 891 
832 787 
210 
20 497 
4 314 586 
103 463 729 751 
21 179 627 751 
393 
903 
839 
778 858 
55 527 875 889 
202 714 858 
629 
261 486 
689 
378 
261 
397 
277 
318 505 
959 
361 689 
863 
261 
210 478 
63 146 362 492 681 
309 373 
319 654 
653 661 665 813 
547 808 809 
547 807 809 810 892 
547 637 807 808 810 
547 808 809 
438 906 833 
58 262 
55 63 97 277 361 362 479 759 806 
685 840 
561 818 
399 561 818 
88 472 561 
116 561 815 816 
716 897 
646 871 
468 
842 
29 237 382 843 
32 91 168 596 669 736 940 
4 152 178 
153 352 588 594 619 
43 713 
510 
191 
158 596 
156 406 566 596 899 
778 
37 811 
227 272 
423 
482 541 
63 114 640 681 928 
389 
302 324 786 
328 373 454 744 814 
373 
204 567 822 847 
823 
379 861 926 
847 
76 
567 842 845 870 
209 
466 
354 629 
274 295 627 719 
472 473 
166 259 
14 516 
12 724 
1 601 919 
232 319 934 
166 347 787 789 
49 354 714 
291 
327 489 844 877 
14 261 
384 661 800 
199 
348 359 
51 83 
959 
392 
582 874 890 
847 881 
820 888 
540 574 
466 
580 869 890 
18 34 146 361 362 788 
459 
861 
377 705 
199 
510 
279 522 637 870 
199 301 888 
113 220 223 229 885 884 944 
468 883 
229 883 
203 
590 623 663 
871 882 
492 788 
869 874 
520 650 777 
75 808 
76 641 
188 348 
80 
2 131 626 720 729 
718 819 
81 
65 342 831 
18 118 260 268 
20 641 
764 
210 423 785 
487 489 
749 
438 811 
80 108 116 546 
56 546 
466 540 715 952 
355 
484 
64 
662 
144 293 298 350 589 
387 737 746 
79 932 
585 605 
472 919 
1 343 375 554 601 856 918 923 
96 98 
579 
107 125 
107 120 125 161 167 168 250 252 919 
32 92 107 125 132 161 169 771 941 
936 956 
379 844 
388 575 
837 
389 
389 482 
951 955 
79 520 916 
146 345 
515 857 
457 488 948 957 
444 925 937 951 955 956 957 
33 936 957 
47 140 710 736 
518 685 
32 132 154 165 167 168 824 
132 165 669 924 
74 133 217 246 250 251 252 254 
101 133 473 617 953 
133 223 883 
142 177 225 334 644 706 946 
9 142 225 644 706 945 
419 709 
935 950 957 
100 587 
496 948 954 
931 936 955 956 
697 909 
310 406 943 
392 950 
931 936 951 957 
444 925 936 951 
33 935 936 937 948 955 
181 471 662 
157 798 867 
