217 1839
2 3 4 5 6 7 8 9 105 43 106 123 96 17 128 
1 10 43 44 13 4 5 45 46 47 48 49 50 7 8 51 52 53 9 54 11 27 29 14 6 191 113 200 179 19 
1 10 97 105 43 44 27 4 14 57 45 6 113 59 17 7 8 22 127 128 129 9 13 106 5 60 63 
1 2 3 11 43 44 10 105 29 56 5 45 48 132 108 133 
1 2 3 4 97 105 43 44 13 29 14 10 12 109 98 49 51 157 
1 2 3 105 98 49 113 117 9 71 191 197 
1 2 3 27 14 106 123 113 59 8 107 140 22 128 124 
1 2 3 7 43 27 28 14 113 31 17 35 107 42 39 124 64 
1 2 3 6 105 123 191 197 113 117 49 
2 3 4 5 11 12 13 14 15 16 17 18 19 20 21 22 23 24 160 108 52 
2 4 10 16 69 87 52 23 88 89 105 108 
5 10 13 109 110 111 108 23 112 199 130 87 135 
2 3 5 10 12 25 26 43 44 45 100 36 130 108 22 131 128 52 23 53 24 120 213 
2 3 5 7 8 10 105 43 44 27 106 59 60 22 140 63 136 113 36 130 126 
10 68 18 142 160 87 150 23 217 
10 11 100 101 32 102 21 69 89 104 70 120 133 24 
1 3 8 10 25 105 44 31 59 148 147 189 198 18 50 35 20 160 107 51 127 54 201 202 24 179 131 124 
10 15 17 97 68 45 20 160 19 102 194 
2 10 18 113 179 118 45 163 48 32 50 160 21 204 127 40 70 124 133 72 201 73 199 140 120 
10 17 18 25 27 115 99 30 179 163 160 69 127 73 
10 16 19 36 46 50 87 51 53 88 89 70 
3 7 10 13 14 27 123 59 60 106 57 45 58 113 53 
10 11 12 13 15 109 110 130 111 87 206 108 129 112 133 137 
10 13 16 17 45 141 163 100 187 148 179 199 108 127 70 52 201 55 92 115 189 111 149 73 
13 17 20 26 27 28 29 30 31 32 33 34 35 36 37 38 39 40 41 42 113 
13 25 45 114 115 116 49 117 118 36 61 119 120 54 121 
2 3 7 8 14 20 22 25 105 44 28 106 122 45 77 123 47 113 59 60 34 107 40 124 125 42 54 66 126 29 204 196 
8 25 27 74 33 34 35 107 39 40 124 42 29 106 37 
2 4 5 25 27 28 45 138 48 50 132 108 51 139 30 158 
20 25 29 122 151 153 158 196 
8 17 25 147 198 35 107 84 
16 19 25 97 93 113 100 101 50 102 36 160 179 199 103 
25 28 34 37 39 40 42 35 128 124 
25 27 28 33 39 42 37 40 128 124 
8 17 25 28 31 33 113 198 171 107 104 42 
13 14 21 25 26 32 136 173 114 115 68 113 171 179 46 50 204 119 51 120 169 133 53 39 
25 28 33 34 171 198 107 
25 74 122 76 148 80 82 83 86 196 185 84 139 
8 25 28 33 34 36 42 
19 25 27 28 33 34 113 192 120 124 133 42 54 128 
25 55 57 58 163 172 116 131 215 61 62 144 167 70 128 120 169 175 166 145 52 146 184 156 150 185 178 209 183 214 65 
8 25 27 28 33 34 35 39 40 113 124 
1 2 3 4 5 8 13 14 97 105 113 59 
2 3 4 5 13 14 17 27 97 105 59 107 113 212 
2 3 4 13 18 19 22 24 26 27 29 67 159 69 87 127 129 112 108 131 140 128 
2 21 36 90 98 92 161 147 93 115 47 48 49 100 50 69 103 53 162 73 173 99 96 148 
2 27 46 90 106 141 163 138 92 147 93 115 170 96 177 54 172 94 116 166 167 125 146 121 
2 4 19 29 46 55 56 58 91 98 92 161 193 69 96 146 
2 5 6 9 26 46 98 68 94 117 199 
2 17 19 21 29 32 36 46 170 99 68 100 101 148 179 118 102 160 51 53 54 73 120 
2 5 17 21 29 36 50 99 148 179 118 204 131 52 53 125 162 54 73 70 121 
2 10 11 13 24 41 51 67 97 148 102 131 215 61 70 169 98 172 104 53 88 54 137 73 126 
2 13 21 22 36 46 50 51 52 67 98 99 200 131 140 70 169 167 125 162 
2 17 26 27 40 47 50 51 52 122 170 115 116 148 179 131 120 124 133 162 64 184 204 71 196 121 65 201 
24 41 48 56 57 58 59 60 61 62 63 64 65 66 98 70 146 112 
4 48 55 57 58 144 145 63 146 76 60 64 65 
3 22 41 55 56 74 58 147 59 148 79 61 63 146 149 150 86 76 60 80 64 
22 41 48 55 56 57 59 60 62 63 146 61 64 
3 7 14 17 22 27 43 44 55 57 58 105 106 113 60 70 63 146 
3 14 22 27 55 56 57 58 59 63 126 64 
26 41 52 55 57 58 116 165 131 215 170 148 62 70 128 169 133 63 146 214 121 167 120 
41 55 58 61 170 116 148 165 131 215 128 167 70 120 169 209 145 133 63 146 121 
3 14 55 56 57 58 59 60 61 62 165 70 120 150 66 202 146 64 126 
8 54 55 56 57 58 60 63 146 216 149 71 150 66 212 121 158 65 
41 54 55 56 64 75 77 145 182 183 214 149 184 71 98 144 128 85 156 150 194 66 202 212 121 185 178 126 
27 55 63 64 65 75 77 210 205 157 183 71 135 150 134 202 126 
45 52 53 68 69 70 71 72 73 99 131 169 149 
15 18 36 49 50 67 97 177 102 133 72 
11 16 20 45 46 48 67 191 99 193 211 164 204 166 169 125 88 85 156 89 72 196 73 87 201 
16 19 21 24 41 51 52 53 55 59 61 62 63 67 141 147 172 116 148 179 111 165 186 108 131 215 119 127 167 163 170 142 206 87 181 144 166 128 169 83 145 133 157 125 146 162 182 88 207 213 112 156 150 121 73 120 
6 54 64 65 66 67 106 141 143 205 166 167 216 149 184 213 85 156 115 94 158 194 195 202 196 212 121 178 72 126 
19 67 68 69 71 141 166 120 125 162 88 85 89 143 193 156 201 194 
19 20 24 46 50 51 52 67 69 70 163 147 170 188 179 118 199 165 131 127 166 169 162 184 193 126 
28 38 57 75 76 77 78 79 80 81 82 83 84 85 86 
65 66 74 76 77 79 83 134 84 135 86 
38 56 57 74 75 122 77 151 153 154 79 82 83 139 158 173 80 84 184 86 
27 65 66 74 75 76 79 83 84 135 86 
74 151 173 187 188 79 174 81 190 82 168 195 196 186 169 176 
57 74 75 76 77 78 151 174 81 82 144 83 134 184 
38 57 74 76 123 95 151 113 174 83 139 184 86 195 84 
74 78 79 173 187 188 174 151 115 82 205 168 134 195 126 186 169 184 196 176 
38 74 76 78 79 81 122 153 154 151 95 134 169 184 
38 70 74 75 76 77 79 80 131 169 181 144 145 125 182 84 139 184 185 129 86 
31 38 74 75 76 77 80 83 86 135 
65 69 71 72 74 141 94 95 142 143 164 165 205 166 169 88 139 184 144 125 194 212 185 126 158 135 
38 57 74 75 76 77 80 83 84 184 135 
11 12 15 21 23 45 69 70 206 110 130 111 155 88 207 213 112 89 150 129 
11 21 52 69 70 72 85 87 141 161 131 94 143 193 166 162 89 194 201 
11 16 21 69 72 87 88 162 194 201 
46 47 91 92 93 94 95 96 
48 90 196 
24 46 47 48 90 98 163 138 147 170 175 93 115 172 94 95 96 177 178 186 
32 46 47 90 92 163 147 175 170 115 96 177 100 186 
47 49 71 85 88 90 92 141 98 138 175 151 95 193 166 167 96 178 
80 82 85 90 92 94 138 147 154 193 190 194 96 143 166 184 
1 46 47 48 90 92 93 94 95 147 170 115 141 163 138 172 116 129 177 
3 5 18 32 43 44 52 68 98 99 100 101 102 103 104 191 192 211 
5 6 46 48 49 52 53 55 65 92 94 97 141 154 117 168 144 169 162 126 163 99 171 199 206 108 215 145 184 
20 46 50 51 53 67 69 97 98 189 
13 16 24 32 46 50 93 97 115 191 101 102 103 148 104 120 207 112 
16 32 50 97 100 102 104 
16 18 32 50 52 68 97 100 101 200 160 103 104 
32 46 97 100 102 149 
16 35 52 97 100 101 102 
1 3 4 5 6 9 11 14 17 27 43 44 59 106 107 108 130 
1 3 7 14 22 27 28 47 59 71 105 141 113 142 143 140 124 
7 8 17 27 28 31 35 37 44 105 122 113 198 208 202 120 124 
4 10 11 12 13 23 24 29 45 70 98 105 109 113 110 132 211 130 111 117 206 133 112 201 
5 12 23 108 136 110 111 137 130 
12 23 87 108 109 206 130 111 129 207 112 
12 23 24 70 87 108 109 110 206 130 129 207 112 213 
12 23 45 55 70 87 100 108 110 111 206 130 119 120 129 207 217 213 149 121 
2 3 6 7 8 9 14 19 22 25 27 32 35 36 40 42 43 44 59 80 106 107 108 123 122 198 171 159 140 124 133 125 184 156 185 
26 36 115 167 120 116 121 
20 24 26 36 46 47 54 71 81 92 93 96 100 114 163 138 147 170 173 165 120 116 177 148 184 196 
26 41 47 54 61 62 70 96 114 115 170 172 165 128 120 156 121 
6 9 26 49 98 108 199 140 192 
19 26 50 51 73 179 131 192 120 
26 36 70 112 170 120 121 213 
13 16 19 26 36 40 41 50 54 61 62 63 70 72 100 107 112 114 115 116 118 119 171 179 192 204 170 173 215 127 128 169 207 121 
26 47 51 54 61 62 64 65 70 71 112 114 116 119 120 136 170 179 206 128 129 216 207 184 213 150 212 149 
27 30 38 54 76 82 107 113 151 152 153 154 155 139 156 
1 7 9 22 27 80 113 124 133 
7 8 17 19 27 28 33 34 40 42 54 106 107 113 123 
27 47 51 53 69 70 72 83 85 113 193 192 211 131 127 166 140 167 128 209 184 194 185 126 
14 27 52 60 63 65 66 71 73 81 85 98 125 180 181 144 166 169 183 139 184 150 195 176 185 142 165 157 
3 17 19 20 24 45 70 73 120 125 136 163 148 159 179 201 
1 3 7 13 33 34 40 41 45 61 62 65 70 116 120 121 125 141 167 161 172 165 144 166 140 169 146 184 156 150 212 185 178 
3 23 45 83 87 96 110 111 112 121 206 130 207 137 217 213 
12 13 14 23 87 105 108 109 110 111 112 129 206 132 211 207 217 
13 17 41 45 51 52 53 54 61 62 67 70 73 83 88 118 125 172 204 138 148 179 142 215 169 162 
4 29 108 130 201 
4 16 19 23 36 40 54 61 62 68 70 108 113 123 136 199 155 137 156 217 
66 75 79 81 82 187 210 164 205 157 158 135 195 202 184 
12 66 75 77 84 85 86 134 205 216 138 161 174 210 144 157 139 214 149 184 202 196 176 185 
14 36 109 121 127 133 170 171 137 
23 52 109 129 133 136 171 203 217 158 
29 47 92 94 95 96 115 131 135 163 151 161 147 173 172 154 174 168 170 153 187 186 205 184 158 
29 38 76 80 83 85 122 126 135 152 211 180 181 144 169 209 145 162 182 183 193 214 184 156 176 185 
7 14 19 45 53 106 113 117 125 128 211 156 
24 47 70 71 72 85 88 94 96 98 106 128 163 161 143 164 165 166 167 175 186 
15 70 85 106 126 131 143 165 194 166 184 
71 72 85 88 95 106 141 142 194 164 166 167 196 
41 56 65 70 79 83 85 98 126 128 135 139 161 152 164 180 181 209 145 182 183 214 184 156 150 195 176 185 169 212 
41 56 62 65 70 83 98 139 144 152 180 181 169 209 182 183 214 184 156 185 195 
41 47 48 55 56 57 58 59 61 62 63 64 70 128 211 172 
17 31 46 47 57 70 73 92 93 95 96 115 138 161 151 170 175 172 177 167 
17 24 38 46 50 51 52 54 57 61 62 70 100 115 127 131 163 179 178 155 
24 57 64 65 67 71 103 112 121 135 163 169 216 150 212 
15 41 57 63 64 65 66 70 87 121 126 128 144 149 165 216 214 184 156 212 185 178 
30 76 78 79 80 81 82 94 122 138 147 161 175 173 153 172 154 174 168 158 176 187 188 186 205 169 
122 139 144 145 180 181 182 183 184 185 
30 76 82 122 138 151 173 154 189 190 
76 82 95 98 122 138 151 153 173 174 190 168 184 176 
87 122 133 148 203 
41 65 69 70 71 72 113 116 122 128 133 139 140 144 145 150 161 193 211 164 165 186 180 181 166 169 216 184 185 178 201 194 176 212 
5 66 70 126 134 135 208 210 203 205 169 158 202 
29 30 64 71 76 85 134 137 138 151 157 205 172 169 214 196 
45 113 127 
10 15 17 18 19 20 32 50 102 179 
46 48 88 128 135 138 141 144 147 151 156 172 164 166 167 169 178 187 186 
46 51 53 54 70 72 73 88 89 98 131 139 169 193 190 
19 20 24 41 47 70 73 92 93 96 98 115 127 138 141 148 149 170 172 165 177 187 179 
69 85 134 141 143 144 156 161 190 174 168 194 176 205 166 184 
61 62 63 70 73 85 115 116 126 128 141 142 150 156 163 170 179 186 169 195 212 176 
41 47 69 70 71 72 73 85 88 94 95 125 126 128 141 142 143 156 161 164 175 172 193 186 167 169 184 178 
41 47 53 61 62 70 71 94 114 125 128 141 143 147 161 166 172 175 169 194 178 184 
78 81 98 138 151 154 164 173 187 188 174 190 186 205 175 172 193 195 176 169 
36 41 52 53 61 62 67 69 70 73 78 81 82 83 85 98 120 126 128 131 139 144 145 149 151 156 157 158 161 162 165 166 167 168 215 190 176 185 178 183 184 
47 50 54 61 62 70 73 92 93 96 115 116 119 120 121 136 138 147 163 165 179 172 177 
35 36 37 98 113 120 136 137 188 199 203 192 
41 47 52 70 92 96 116 128 131 138 146 147 151 158 161 163 166 167 168 170 175 173 186 187 
36 46 76 78 81 115 120 138 151 153 154 168 172 187 188 174 176 
78 79 80 81 135 138 151 154 164 168 173 187 188 190 205 195 176 186 183 
41 92 93 94 141 147 151 166 167 168 172 186 187 176 
78 81 126 135 139 144 151 154 156 164 165 168 169 173 174 175 187 188 190 186 205 195 185 
47 68 92 93 96 115 147 163 170 
41 65 71 92 94 128 148 150 156 161 166 167 169 193 186 184 212 
2 17 19 20 24 32 36 50 51 54 70 73 118 120 121 127 131 148 160 163 165 170 201 199 
126 139 144 145 152 156 181 209 182 183 214 184 195 185 
70 83 126 139 144 145 152 156 180 209 182 214 184 195 185 183 
65 70 83 139 144 145 152 180 181 209 183 184 195 185 
41 65 66 126 139 144 145 152 169 174 180 181 182 209 214 184 195 185 
41 54 65 71 73 76 79 80 81 82 83 85 86 95 98 113 115 121 125 126 128 134 135 138 139 142 144 145 150 152 154 156 164 166 167 169 178 180 181 182 183 209 214 187 193 190 215 195 185 201 
38 41 65 83 85 113 125 126 128 135 139 144 145 150 152 156 169 176 180 181 182 183 184 209 214 195 196 
70 78 81 92 93 138 141 151 156 161 165 166 168 172 174 175 176 178 187 188 193 
24 78 81 134 138 151 161 163 168 172 173 174 175 176 184 186 188 190 195 211 
73 78 81 151 168 171 173 174 176 186 187 190 195 205 
17 24 99 153 199 
78 95 153 154 162 164 168 169 174 176 184 187 188 205 
2 6 9 69 97 100 192 
40 97 117 118 120 125 171 191 199 
48 69 72 73 88 94 95 125 139 156 162 166 168 178 184 186 209 
18 65 71 72 85 88 89 95 125 142 143 156 164 167 201 
71 78 80 81 126 134 144 145 165 168 174 176 180 181 182 183 184 185 187 188 205 216 209 
27 30 38 54 69 71 78 81 91 115 135 143 158 185 204 
6 9 
17 31 35 37 107 113 
12 19 24 32 49 73 98 117 133 171 179 189 192 
2 53 102 201 
17 19 24 54 69 72 88 89 108 127 132 156 179 184 194 200 
17 63 65 66 71 107 134 135 157 208 210 205 
137 155 157 171 208 211 210 205 
19 27 36 51 54 69 120 131 196 211 
66 71 81 85 134 135 138 151 157 158 164 168 174 176 188 190 195 202 203 208 210 
23 70 87 98 108 110 111 112 121 129 130 207 217 213 
70 87 100 110 111 112 120 121 129 130 206 217 213 
107 157 202 203 205 210 
41 62 125 139 144 145 180 181 182 183 184 185 193 195 
66 134 135 157 202 203 205 208 
69 97 108 125 130 139 140 146 156 187 203 204 
44 64 65 71 85 121 128 144 149 150 156 165 178 216 
13 70 71 87 111 112 119 121 129 206 207 217 
41 61 65 135 139 144 145 150 158 180 181 183 184 185 
41 52 61 62 70 98 120 131 169 184 
64 71 121 135 149 150 156 195 212 
15 112 129 130 133 137 206 207 213 
