4941 6594
2 3 4 
1 5 6 7 8 9 
1 10 11 12 13 
1 14 15 
2 504 
2 
2 
2 506 
2 521 
3 505 511 515 516 
3 573 574 
3 575 533 
3 576 577 578 
4 529 592 573 
4 625 
17 18 19 20 
16 21 22 
16 23 
16 23 
16 24 25 
17 3908 3696 3884 3837 
17 3929 
18 19 3515 3548 3551 3552 3553 3503 3554 
20 3692 3962 
20 
27 
26 28 29 
27 3651 3665 
27 3693 3694 3655 3666 3597 3598 3780 
31 
30 32 33 
31 
31 4941 
35 
34 36 37 38 39 40 41 42 
35 202 
35 213 
35 208 214 215 191 95 
35 272 
35 
35 213 273 
35 207 
44 45 
43 46 47 48 49 
43 50 
44 
44 78 79 80 81 
44 
44 82 83 
45 96 98 
52 
51 53 54 
52 
52 55 56 57 58 59 
54 60 
54 61 62 
54 63 
54 60 64 61 65 66 67 
54 68 
55 58 69 
56 58 
56 
57 137 194 
58 68 128 129 130 131 132 133 134 
58 228 277 246 300 
58 307 
58 69 124 177 182 317 
59 64 70 
60 67 72 73 124 
68 71 
70 72 73 74 75 76 77 
69 71 73 123 
69 71 72 
71 183 
71 136 146 
71 
71 173 277 
47 
47 
47 84 85 
47 86 
49 119 180 
49 269 270 
80 88 
80 
81 211 
88 89 
84 87 90 
87 91 
88 92 
89 201 174 
90 93 94 95 
92 187 266 267 
92 273 300 
38 92 329 
50 97 
96 99 
50 201 181 
97 125 
101 
100 102 103 
101 196 103 197 198 199 200 
101 102 106 130 216 217 218 
105 
104 106 107 108 109 110 
103 105 111 108 114 115 
105 210 260 
105 106 
105 632 
105 636 275 640 
106 112 
111 113 
112 210 
106 
106 
117 118 
116 119 120 121 
116 122 
82 117 129 120 178 
117 119 
117 219 
118 174 
72 
67 69 135 136 139 140 141 
99 126 
125 127 
126 201 
64 
64 119 179 
64 103 
64 
64 216 
64 285 
64 286 
124 136 
75 124 135 137 138 
63 136 195 
136 309 
124 153 157 
124 
124 194 
143 144 
142 145 
142 146 147 
143 149 163 219 174 220 221 
75 144 148 150 
144 293 
146 149 
145 148 
146 291 
152 
151 153 154 
139 152 155 156 157 
152 158 
153 159 160 161 162 163 
153 164 165 166 167 168 169 
139 153 
154 176 
155 
155 
155 
155 170 171 172 173 
145 155 174 175 
156 222 223 224 225 226 
156 
156 227 228 
156 188 235 236 237 238 239 240 241 231 
156 242 243 235 244 
156 245 
162 
162 
162 187 
77 162 193 
91 122 145 163 181 291 292 
163 206 
158 177 
67 176 271 318 
119 181 
129 182 
82 
98 174 178 220 
67 179 184 
74 184 185 186 
182 183 261 
183 321 
183 
93 172 188 189 190 191 192 
167 187 294 
187 
187 
38 187 
187 267 325 326 327 
173 261 264 265 
63 141 
137 288 289 290 
102 
102 271 
102 287 759 199 711 760 761 762 763 764 765 303 766 767 768 769 770 771 
102 198 299 784 785 
102 
91 98 127 
36 203 204 
202 205 206 207 
202 208 209 205 
203 204 283 
175 203 284 
42 203 
38 204 214 215 209 
204 208 
107 113 255 
86 212 
211 266 
37 41 
38 208 
38 208 
103 132 
103 
103 765 2820 2821 
121 145 
145 181 
145 
164 
164 
164 
164 229 230 
164 231 232 233 234 
166 
65 166 246 247 
225 1233 
225 1302 
167 226 
226 1303 
226 2632 
226 4924 
167 168 1282 1283 1223 
167 1289 1294 
167 
167 1307 
167 
167 
167 
168 1216 1218 1225 1226 1227 1228 1229 1230 1231 
168 1249 
168 1300 
169 2500 
65 228 297 298 299 
228 299 301 302 303 
249 250 
248 251 252 
248 253 254 
249 261 252 262 
249 251 
250 313 314 
250 
210 256 257 
255 257 258 
255 256 259 
256 277 304 
257 274 
107 274 275 276 
184 193 251 
251 263 
262 265 322 323 
193 314 
193 263 315 
93 212 
93 192 268 
267 1292 1293 
83 328 
83 
177 197 
39 
41 94 324 
259 260 
110 260 635 637 638 
260 647 
65 77 258 278 279 280 281 282 
277 
277 
277 
277 
277 310 311 
205 284 
206 283 
133 287 
134 293 312 
198 285 
195 
195 
195 
150 174 
174 
147 286 
188 295 296 
294 1232 
294 1236 1304 
246 
246 
199 246 247 308 
65 94 
247 308 302 685 807 808 809 
247 301 1159 1160 1161 
198 247 4357 807 
258 305 306 
304 638 651 
304 979 
66 
299 301 706 710 711 
138 
282 627 628 644 645 646 
282 809 
286 
253 315 
253 264 316 
265 313 
314 323 
67 319 
177 320 
317 2631 
318 
185 
263 328 
263 316 
273 
192 1240 1207 1249 1260 327 
192 1290 
192 325 1260 
269 322 
95 
331 332 333 
330 334 335 336 337 338 
330 339 340 
330 
331 335 414 415 416 
331 334 
331 347 418 
331 414 
331 
332 347 471 473 
332 490 
342 343 344 
341 345 346 347 
341 348 
341 349 350 
342 347 351 352 353 354 355 
342 356 357 
336 339 342 345 
343 376 349 
344 348 376 483 486 487 
344 503 
345 361 420 353 421 
345 383 420 422 386 
345 351 369 422 
345 482 
345 465 379 
346 
346 
359 360 
358 361 362 363 364 365 
358 366 367 368 
351 359 365 369 370 371 372 373 
359 
359 
359 373 
359 361 
360 427 
360 464 
360 434 500 501 
353 361 406 407 409 411 
361 420 402 
361 409 410 412 413 
361 
361 364 412 
375 376 
374 376 377 378 
348 349 374 375 379 
375 465 
375 383 
355 376 
381 382 
380 383 384 385 
380 386 387 
352 378 381 390 384 400 
381 383 394 
381 
352 382 451 454 455 
382 
389 
388 390 391 
383 389 392 393 394 
389 402 403 
390 395 396 397 398 399 
390 394 
384 390 393 401 
392 406 407 399 
392 423 
392 398 424 
392 397 
392 395 
383 
394 
370 391 
391 498 
405 
404 406 
369 395 405 407 408 409 
369 395 406 408 409 410 
406 407 409 
369 371 406 407 408 410 412 413 
371 407 409 412 413 
369 
371 373 409 410 413 
371 409 410 412 467 
334 337 416 417 
334 416 
334 414 415 
414 440 
336 419 
418 4525 4527 4528 
351 352 370 
351 468 469 
352 353 424 
396 
397 422 425 426 
424 432 
424 432 
366 428 429 430 431 
427 432 433 434 
427 430 435 436 
427 429 
427 
425 426 428 
428 435 
368 428 437 438 
429 433 
429 
434 438 
434 437 
440 441 
417 439 442 
439 443 444 
440 496 497 
441 4543 4567 4526 
441 
446 
445 447 448 449 
446 480 448 
446 447 481 453 
446 
451 
386 450 452 
451 453 
448 452 
386 456 457 458 459 460 461 
386 461 478 
454 
454 
454 462 
454 
454 
454 455 463 
458 
461 
367 
355 377 466 
465 489 
413 
421 1562 1570 1571 
421 1829 1836 1837 
471 
339 470 472 
471 474 475 476 477 
339 502 
472 4595 475 4596 
472 474 4596 1739 
472 4598 
472 
455 
480 
447 479 
448 499 
354 
349 484 485 
483 
483 488 
349 
349 
485 
466 
340 491 492 493 494 495 
490 1323 1328 
490 1334 1335 
490 1328 1348 
490 1737 
490 1739 1740 
442 4514 497 4525 4526 4527 4528 4529 
442 496 4514 4525 4526 4529 
403 
481 
368 
368 
473 
350 
5 505 506 507 508 509 
10 504 510 511 
8 504 512 
504 508 512 
504 507 513 
504 514 
505 511 517 518 519 520 
10 505 510 
506 507 
508 514 604 
509 513 558 600 601 602 603 
10 561 562 563 564 518 565 531 
10 566 567 568 569 570 
510 543 558 559 
510 515 531 574 
510 614 
510 615 
9 2488 
523 
522 524 525 526 527 
523 542 
523 607 608 606 526 
523 525 602 
523 549 617 
529 530 
14 528 
528 531 532 533 534 535 536 537 538 539 540 
515 518 530 538 
530 1068 1077 
12 530 2425 2426 
530 2591 2593 
530 2597 
530 2544 
530 2598 2614 1077 
530 531 2618 
530 1077 
530 2621 
542 
524 541 543 544 545 
517 542 546 547 548 
542 549 550 
542 551 
543 548 552 553 554 555 556 
543 557 
543 546 560 
527 544 571 
544 557 572 
545 557 560 590 591 
546 
546 
546 582 583 
546 584 585 586 
546 587 588 
547 550 551 589 572 
514 517 
517 608 605 
548 551 
515 
515 
515 
515 
515 579 580 581 
516 2481 568 
516 568 2482 2483 2484 2485 2486 2487 2488 
516 566 567 2489 576 2490 
516 778 570 2499 2500 2501 2502 2503 
516 569 2428 2501 2502 
549 
550 557 
11 14 593 
11 518 609 
12 1005 
13 568 2489 2493 2494 2495 2496 2497 2498 
13 2488 2542 2545 578 
13 577 2638 
565 2458 2460 2461 
565 2473 
565 2464 2471 
554 
554 594 595 
555 
555 619 
555 620 621 
556 610 611 
556 597 591 
557 
551 
551 588 618 
14 
573 623 
583 1432 1945 1876 1948 
583 
597 598 
588 596 
596 599 
598 1859 
514 
514 604 
514 526 605 
514 606 605 
513 601 
559 602 603 
525 603 
525 
525 559 
574 
587 612 613 
587 
610 1697 1869 1450 1676 1872 1469 1873 1874 1875 
610 1878 
519 616 
520 4226 4196 4272 
614 1750 1751 
527 
591 
585 
586 1529 1946 1961 
586 1962 1954 1955 
623 
593 622 624 
623 625 
15 624 
627 628 
310 626 629 630 
310 626 631 
627 636 639 
627 643 
628 633 4414 
109 633 
631 632 2819 4413 
635 
275 634 636 
110 629 635 
275 641 647 648 650 642 
275 305 
629 640 641 
110 639 642 
637 639 
637 640 
630 
310 645 3235 
310 644 3229 4378 3235 4412 
310 
276 637 648 649 
637 647 
647 650 
637 649 
305 833 906 861 907 908 
653 654 
652 655 
652 656 657 658 
653 657 1903 1905 1849 
654 1431 1603 1796 1850 1851 1852 1853 657 658 
654 655 656 
654 656 1598 1719 1903 1729 1904 1905 1906 1849 1907 
660 661 662 663 664 665 666 667 668 669 670 
659 671 672 
659 667 668 669 673 674 675 676 677 678 679 680 681 
659 666 682 683 684 685 
659 671 686 687 688 689 690 691 692 
659 693 694 
659 695 696 697 698 699 
659 662 700 
659 661 701 
659 661 702 
659 661 703 
659 704 
660 663 2668 2669 2670 2671 2672 686 
660 2673 2674 2675 2676 2677 
661 2725 2729 2730 3039 674 3107 3108 675 2731 
661 673 2672 675 
661 673 674 
661 677 681 3169 3170 
661 676 2675 3170 3171 3172 3173 
661 3174 697 3175 3176 
661 
661 3159 3177 3178 3179 
661 676 
662 683 2955 2956 
662 682 2671 684 
662 683 2967 2900 3025 3026 
301 662 3180 
663 671 
663 3158 688 
663 687 
663 
663 
663 3159 
663 
664 
664 3337 3385 
665 
665 
665 678 3451 3174 3171 3453 3175 3454 3455 3456 
665 
665 
666 
667 
668 
669 
670 
706 
308 705 707 708 
706 709 
706 712 
707 725 726 712 727 728 729 
308 712 
198 308 738 739 
708 709 710 716 717 718 790 727 
714 
713 715 716 717 718 
714 
712 714 719 720 
712 714 721 
712 714 722 723 724 
716 788 
716 789 
717 801 803 
718 
718 
718 804 805 806 
709 726 
709 725 730 731 732 
709 712 796 
709 802 
709 802 
726 756 757 758 731 732 
726 730 758 
726 730 758 740 
734 735 736 
733 737 738 739 740 741 742 
733 737 743 744 745 746 
733 747 741 
734 735 748 
711 734 
711 734 
732 734 
734 736 750 754 
734 748 750 754 
735 797 
735 802 
735 802 
735 801 803 
736 748 
737 742 747 
750 751 752 
741 742 749 
749 
749 
754 
741 742 753 755 
754 
730 
730 
730 731 732 
198 
198 1097 1102 1103 
198 784 1111 1112 1113 
198 1099 1116 
198 1146 
198 1117 
198 218 2819 
198 4604 4605 
198 4606 4607 
198 
198 
198 
198 
773 
772 774 
773 775 776 777 778 
774 
774 
774 779 
569 774 782 783 
777 780 781 
779 2627 
779 4289 
778 1157 2499 2601 
778 2623 2457 
199 761 786 
199 787 
784 1106 1107 1108 
785 1117 1118 1119 1120 1121 1109 1122 1123 1124 1125 1126 1127 1128 
719 789 791 
720 788 792 
712 793 794 
788 
789 
790 
790 795 
794 4374 
727 
743 798 799 
797 800 801 
797 
798 
721 746 798 
728 729 744 745 
721 746 
724 3180 4340 4333 805 4344 4345 4346 
724 804 3230 
724 4409 
301 303 4362 4424 
301 3229 809 
301 311 808 4057 
811 812 813 814 
810 815 816 817 818 819 
810 
810 
810 
811 896 897 898 899 900 901 902 903 
811 913 914 915 916 
811 836 914 919 920 921 907 
811 832 923 924 917 
811 910 942 
821 822 823 
820 824 825 826 827 
820 
820 826 828 
821 
821 864 868 869 870 871 
821 823 872 844 
821 873 874 
823 
830 
829 831 832 
830 833 834 835 836 837 
818 830 838 839 
651 831 904 905 
831 
831 
817 831 912 
831 
832 
832 921 926 927 
841 842 
840 843 
840 844 845 846 847 848 
841 
826 842 
842 871 889 857 894 933 959 
842 883 
842 
842 937 971 
850 851 
849 851 852 853 854 855 
849 850 856 857 858 859 860 861 852 862 
850 851 
850 973 
850 
850 
851 930 857 
845 851 856 858 931 932 933 
851 857 868 936 933 938 
851 931 944 
851 964 
651 851 868 869 871 908 965 
851 
864 865 
825 863 866 
863 867 
864 872 867 882 883 
865 866 
825 858 861 871 
825 861 871 875 
825 876 877 878 
825 845 861 868 869 879 880 881 
826 866 
827 
827 952 963 
869 886 887 931 934 
870 950 952 
870 
870 
871 
871 
871 
866 928 929 
846 866 
885 
884 886 887 888 889 890 
875 885 891 
875 885 892 893 894 
885 893 
845 885 895 
885 
886 
887 
887 888 940 941 
845 887 
889 
815 
815 909 910 
815 
815 
815 
815 
815 
815 
833 
833 
651 914 922 
651 817 967 
651 861 969 
897 
819 897 911 
910 
836 
816 
816 817 906 
816 
816 917 918 
818 916 925 
916 
817 
817 
817 839 966 
906 
818 
818 
917 
839 
839 
882 
882 948 949 
856 
857 859 875 943 940 934 
857 
845 857 858 960 
875 931 947 
936 
858 935 937 
848 936 939 
858 
937 
893 931 945 946 
893 
819 
931 
859 
940 
940 968 
934 
929 961 959 
929 
876 951 952 953 
950 954 955 
874 876 950 956 
950 957 958 
951 972 
951 
952 
953 970 
953 
845 948 962 
933 
948 
959 
874 
860 
861 974 975 976 977 978 979 
921 
907 
946 
908 
957 
848 
954 
853 
965 4049 4062 
965 4101 4091 4102 4103 4104 
965 4111 
965 4026 4052 4030 978 4054 4055 
965 977 4112 4113 4114 
306 965 4115 
981 982 983 
980 984 985 986 987 
980 988 989 
980 987 990 991 
981 985 992 993 988 
981 984 986 994 995 
981 985 996 997 998 999 
981 983 1000 1001 
982 984 
982 1030 
983 1003 1019 
983 1012 1014 
984 
984 
985 1031 
985 1032 1033 
986 
986 1041 
986 1046 1047 1048 1049 
986 1025 1026 1041 
987 1002 1003 1004 1005 1006 
987 
1000 
990 1000 1007 1011 1012 1013 
1000 
575 1000 
1000 1022 1021 1023 
1003 1008 1009 1010 
1007 1009 1012 1014 
1007 1008 1015 1014 1016 1017 
1007 1017 1018 
1003 
991 1003 1008 
1003 1018 1020 1021 
991 1008 1009 
1009 1024 1025 1026 1017 1027 1028 1029 
1009 
1009 1010 1015 1053 
1010 1013 1069 1070 
990 1068 
1013 1079 
1006 1013 1076 
1006 1025 1075 1076 
1006 1050 1051 1552 
1015 
999 1015 1022 1037 
999 1015 1037 1041 1042 1043 1044 1045 
1015 1039 
1015 
1015 1071 
989 1031 
994 1030 1034 1035 1036 
995 1058 1063 
995 1066 1067 
1031 2604 
1031 2517 
1031 2646 2647 1066 
1025 1026 1038 
1037 1039 1040 
1027 1038 1054 
1038 1055 
997 999 1026 
1026 1056 
1026 1072 
1026 1091 
1026 
998 1050 
998 1051 
998 1052 
998 1052 
1023 1046 
1023 1047 
1048 1049 1058 1061 1062 
1017 
1039 1065 
1040 1065 1094 
1042 
1058 
1032 1052 1057 1059 1060 
1058 1063 1064 
1058 
1052 
1052 
1032 1059 
1059 
1054 1055 
1033 1036 
1033 4939 
532 1019 
1018 
1018 1086 
1029 
1043 1073 1074 
1072 4941 
1072 1095 
1022 
1021 1022 1087 1088 1089 1090 
532 537 539 
1079 
1020 1078 1080 1081 
1079 1082 1083 1084 
1079 1085 
1080 1086 1084 
1080 
1080 1082 1092 1093 
1081 1860 
1070 1082 
1076 1328 1530 1537 1557 1558 1559 
1076 1864 
1076 1552 
1076 1559 
1044 
1084 1752 
1084 1583 
1055 1095 
1074 1094 
1097 1098 
760 1096 1099 
1096 1100 1101 
762 1097 1104 1105 
1098 1162 1130 1163 1164 1165 1166 1167 1168 
1098 1152 
760 1114 
760 1115 
1099 
1099 
786 1108 1109 
786 1110 
786 1106 
787 1106 
1107 1138 1112 1153 
761 1151 1152 
761 1110 1153 
761 1154 
1102 1129 1136 1137 1138 1139 
1103 1149 1133 
762 
764 787 1129 1130 1131 
787 
787 
787 1121 1132 
787 1120 1133 1134 1135 
787 
787 
787 
787 
787 
787 
787 
1114 1117 1139 1140 1141 1142 1143 1144 1145 
1100 1117 1144 
1117 1180 1181 1182 
1120 1186 
1115 1121 1149 
1121 1138 
1121 1166 1192 
1114 1146 
1114 
1110 1114 1134 1147 
1114 1129 1148 
1129 1146 
1129 1146 
1129 1183 
1129 
1129 1130 1145 1148 1171 
1129 1144 1171 1190 
763 1136 1140 1141 
1138 1153 
1139 1144 1192 
1115 1133 1150 
1149 1153 1154 1186 1192 
1111 1155 
1101 1111 1167 1184 1185 
1110 1112 1147 1150 1185 1154 
1113 1150 1153 1185 1189 
1151 1156 
1155 1157 
782 1156 
1159 
302 1158 
302 
302 
1100 1169 1170 
1100 
1100 1167 
1100 1171 
1100 1135 1172 
1100 1152 1164 
1100 1173 1174 
1162 1175 1176 1177 1178 1179 
1162 
1144 1145 1165 1191 
1166 1187 1192 
1168 1195 1196 
1168 1197 1198 
1169 
1169 
1169 
1169 
1169 
1131 
1131 
1131 
1142 
1152 1186 
1152 1153 1154 1187 1188 1189 
1132 1150 1184 
1172 1185 1191 
1185 1191 
1154 1185 
1145 1193 1194 
1171 1187 1188 
1135 1148 1150 1172 
1190 1199 1200 
1190 1201 1202 
1173 
1173 
1174 
1174 
1193 
1193 
1194 
1194 
1204 1205 
1203 1206 1207 
1203 
1204 1210 1214 1215 
325 1204 1245 1251 1252 1253 1254 1255 1256 1257 1258 
1209 1210 1211 
1208 1211 
1206 1208 
1208 1209 1212 1213 
1211 1246 1248 
1211 1220 1290 1259 1296 
1206 1239 1240 
1206 1241 1242 
242 1217 1218 1219 
1216 
242 1216 1220 
1216 1221 1222 1223 1224 
1213 1218 1290 1291 
1219 1282 1284 
1219 1282 1287 
235 1219 1289 
1219 1295 1305 
242 1232 1235 1236 
242 1232 1237 
242 1233 
242 1282 1285 1286 
242 1282 1285 1286 
242 1300 1306 1301 
242 1306 1301 1286 
295 1225 1226 1233 
229 1227 1232 1234 
1233 1236 1238 
1225 
296 1225 1234 
1226 
1234 
1214 1243 
325 1214 1244 
1215 
1215 
1239 
1240 1278 1252 
1207 1246 1247 1248 
1212 1245 1248 1249 
1245 1250 
1212 1245 1246 1259 
243 325 1246 
1247 1253 
1207 1267 
1207 1244 1278 1281 
1207 1250 1269 1276 1277 1272 1297 1298 
1207 1276 
1207 1299 
1207 
1207 
1207 
1213 1248 
325 327 1297 
1262 1263 1264 1265 1266 
1261 1267 1268 1269 
1261 1267 1270 1271 
1261 1272 
1261 1273 1274 
1261 1275 
1251 1262 1263 1276 1277 
1262 1278 
1253 1262 
1263 1276 1279 
1263 1275 1280 1281 
1253 1264 
1265 1274 
1265 1273 1278 1280 
1266 1271 
1253 1254 1267 1270 
1253 1267 
1244 1252 1268 1274 
1270 1299 
1271 1274 
1252 1271 
235 1221 1222 1228 1229 
235 1288 
1221 1289 
1228 1229 1300 
1228 1229 1231 1301 
1222 1305 1310 
1283 
236 1223 1284 
326 1213 1220 1292 
1220 
268 1290 
268 
236 1295 
1224 1294 1305 
1213 
1253 1260 
1253 
1255 1279 
244 1230 1285 1301 
1230 1231 1286 1300 
230 1303 
232 1302 
296 
1224 1287 1295 
1230 1231 
238 1308 1309 
1307 3687 3868 
1307 3894 4936 4937 
1287 
1312 1313 1314 1315 1316 
1311 1317 
1311 1317 
1311 1318 1319 
1311 1320 
1311 1318 
1312 1313 1321 1322 
1314 1316 2234 2235 
1314 2144 
1315 2329 
1317 1792 1788 1802 1803 1804 1384 1805 
1317 1373 
491 1324 1325 1326 1327 
1323 1329 1330 
1323 1331 
1323 1332 
1323 1333 
491 493 1087 1336 1337 1338 1339 1340 1335 1341 
1324 1738 
1324 1886 
1325 2056 
1326 1933 
1327 2128 
492 
492 1328 
1328 1509 1337 1515 
1328 1336 1510 1527 
1328 1510 1531 1532 1533 1534 1535 1519 
1328 1552 
1328 1431 1532 1341 1553 1464 1554 1555 1473 1556 
1328 1340 1536 
1343 1344 1345 
1342 1346 
1342 1347 
1342 1348 
1343 1512 1527 1583 2150 
1344 2177 
493 1345 
1350 1351 1352 
1349 1353 
1349 1353 1354 1355 
1349 1356 1357 
1350 1351 1358 1359 1360 1361 1362 1363 
1351 1713 1714 2169 
1351 2170 
1352 1709 1710 
1352 2320 
1353 1702 1713 
1353 1702 1714 
1353 1370 1381 2047 
1353 1376 2085 
1353 1875 
1353 2053 
1365 1366 1367 1368 1369 1370 1371 
1364 1372 1373 
1364 1367 
1364 1366 1374 
1364 1375 1376 1377 
1364 1378 
1360 1364 
1364 1379 1380 
1365 1381 1382 
1322 1365 1383 1384 1385 1386 1387 
1367 1482 
1368 1792 
1361 1368 2084 
1368 2084 2093 2094 
1369 1768 1381 2048 2049 
1371 
1371 
1360 1372 1378 2045 2046 
1372 1404 1463 1789 
1373 1835 1852 1853 1836 1855 
1321 1373 
1373 1690 
1373 
1373 
1389 1390 1391 
1388 1392 
1388 1393 
1388 1394 
1389 2246 
1390 1841 
1391 1748 2097 
1396 1397 1398 1399 1400 1401 1402 
1395 1403 1404 
1395 1403 1405 1406 1407 
1395 1408 1409 
1395 1410 1411 1412 
1395 1413 1414 
1395 1415 
1395 1416 1417 1418 1419 1420 1421 1422 1423 
1396 1397 1424 
1382 1396 1425 1426 1427 1410 1428 
1397 1923 1925 
1397 1935 
1397 1936 
1398 1621 1409 
1398 1408 1976 
1399 1404 
1399 2070 2071 2072 
1399 2073 2074 2075 2076 
1400 1936 
1400 2104 
1401 1622 
1402 2259 2260 2261 2245 
1402 2073 2262 
1402 
1402 2263 
1402 2264 2265 
1402 2266 
1402 
1402 2267 
1403 1749 1761 
1404 1459 1460 1461 1462 
1404 1460 1462 1662 1684 1685 
1404 1462 1684 
1404 1621 
1430 1431 1432 
1429 1433 
656 1340 1429 1432 1434 1435 1436 
594 1429 1431 1437 1438 1439 1440 1441 1442 
1430 1443 1444 
1431 1781 1436 1783 1784 1785 1786 
1431 1444 1879 1880 1881 
1431 1434 
1432 1470 1472 1473 1474 1475 1476 1477 1478 1479 1480 
1432 1460 1835 
1432 1479 2155 
1432 
1432 1480 
1432 2219 
1433 1445 
1433 1435 
1443 1982 1983 
1447 
1446 1448 1449 1450 1451 1452 1453 1454 1455 1456 1457 1458 
1447 1487 1488 1489 
1447 1502 
612 1447 
1447 
1447 2005 2006 
1447 1956 
1447 2007 
1447 2008 
1447 
1447 2009 
1447 1506 
1425 
1425 1426 1438 1461 1463 1464 
1425 1460 1465 1466 1467 
1425 1426 1427 1468 1469 
1382 1460 1662 1679 1686 
1340 1460 1829 1835 
1461 1963 2091 
1461 
1461 1469 2095 
1462 1695 
612 1462 1467 
1437 1471 
1470 1481 
1437 1502 
1340 1437 1902 
1437 1667 2017 
1437 1505 1980 2021 1982 
1437 1703 2122 
1437 1555 1983 
1437 2123 
1437 1439 2124 
1437 1441 2125 
1471 1584 
1374 1483 1484 
1482 1485 
1482 1486 
1483 2275 
1484 1757 
1448 1490 1491 
1448 1492 
1448 
1487 2042 
1487 
1488 2121 
1494 1495 1496 
1493 
1493 1497 1498 1499 1500 1501 
1493 
1495 1498 1538 
1495 1497 1539 1540 1541 1542 
1495 1561 1565 1566 1567 1568 
1495 1562 1572 1539 1573 
1495 1541 
1449 1472 1503 1504 1505 1506 1507 1508 
1502 1584 
1502 1585 
1475 1502 1586 
1458 1502 1587 
1502 1588 
1502 1589 
1336 1510 1511 1512 1513 1514 
1337 1338 1509 1516 1517 1518 
1509 1519 
1346 1509 1518 1520 
1509 1521 
1509 1522 1523 1524 1525 1526 
1336 1528 1529 1530 
1510 1521 
1510 1536 
1510 1512 
1338 1511 1551 
1512 2150 
1513 1516 1525 
1514 1931 
1514 1964 
1514 1824 1536 
1514 1521 2004 
1514 
1337 1346 1537 
1515 1578 1579 
620 1515 1582 
1087 1515 1583 
1338 1533 1544 
1338 1340 1545 1546 1547 
1338 1531 1548 
1338 1549 
1338 1550 
1341 1517 1524 1932 2004 
1087 1527 1753 
1497 1543 
1498 1500 
1498 
1498 1501 1542 
1498 1541 2102 2103 
1538 1639 1640 1641 1642 1643 
1531 
1532 1898 
1532 1899 
1532 1900 
1533 2214 2215 
1534 2129 
1535 1900 
1519 
1023 1089 1339 1560 
1340 1829 1831 1832 1833 
1340 
1340 1477 1901 
1340 1805 
1087 1887 2035 2036 2037 
1087 
1087 1090 
1552 1958 1961 
1499 1562 1563 1564 
468 1500 1561 
1561 1564 1565 1569 
1561 1563 
1499 1563 1568 1571 
1499 1574 1575 
1499 1569 
1499 1565 1576 1577 
1563 1567 2420 
468 
468 1565 
1500 1717 
1500 1644 2135 
1566 
1566 
1568 
1568 
1528 1580 
1528 1581 
1578 2083 
1579 1583 
1529 1960 1967 2133 2134 
1093 1346 1530 1581 1752 
1481 1503 1937 1588 1938 1939 
1504 2147 
1505 2363 
1506 2379 
1507 1584 
1508 2338 
1591 1592 1593 1594 1595 1596 
1590 1597 1598 
1590 1597 1599 1600 1601 1602 
1590 1603 1604 1605 1606 1607 1608 1609 1610 
1590 1611 
1590 1607 
1590 1599 
1591 1592 1612 
658 1591 1599 1613 
1592 1596 1598 1604 1605 1600 1846 1849 
1592 1599 1724 1729 1846 
1592 1724 1897 1602 
1592 1601 2067 2068 1611 
656 1593 1781 1787 1788 
1593 1599 1844 1605 1606 
1593 1599 1604 1844 1613 1846 1845 1847 
1593 1604 1848 
1593 1595 1688 
1593 1688 
1593 1689 
1593 
1594 1602 
1597 2069 
1598 1605 1850 
1615 1616 1617 1618 1619 
1614 1620 1621 
1614 1622 1623 
1614 1624 1625 
1614 1626 1627 1628 1629 
1614 1630 1631 
1615 1632 1633 1634 
1408 1428 1615 1635 1636 1637 1638 
1415 1616 
1616 2010 2011 2012 
1617 1632 1678 1679 1680 1681 1682 
1617 2130 2131 
1618 1684 
1618 1666 1858 1843 
1618 2153 
1618 
1619 2281 2282 
1619 2175 
1620 1624 1657 1662 1663 1664 1665 1666 1667 1668 
1620 1817 
1620 1818 1819 1820 1821 
1621 
1621 2070 
1621 2179 
1621 1874 
1543 1644 1645 1646 1647 1648 1649 1650 1651 1652 
1543 1653 
1543 1654 
1543 1655 
1543 1656 
1573 1639 1717 1723 1726 1727 1728 
1639 2186 
1639 2187 
1639 2188 
1639 2137 
1639 1655 
1639 2186 
1639 2189 
1639 2190 
1640 2115 
1641 1895 
1642 1649 2188 2417 
1643 1730 2192 2410 
1632 1658 1659 1660 1661 
1657 1669 1670 
1657 
1657 1671 
1657 1672 
1426 1463 1632 1673 
1632 1673 1674 1675 
1632 
1632 1676 
1627 1632 1677 
1474 1632 
1632 1683 
1658 1672 1825 1826 
1658 1827 
1660 2336 
1661 1669 
1662 1663 
1663 
1663 
612 1665 2034 
1666 2109 
1624 1774 1775 
1463 1624 
1624 1768 1789 
1624 2118 1779 2119 
1624 2118 2120 2028 
1668 1702 1715 1716 1686 
1426 1427 1626 1749 1750 1751 
1426 
1463 1683 
1688 1689 1690 
1607 1608 1687 1691 
1609 1687 1692 1693 
1385 1687 1694 
1688 
1689 1804 1694 
1689 1854 
1690 1692 
1468 
1697 1698 
612 1696 1699 
1696 1700 
1697 
1698 2290 
1702 
1358 1359 1683 1701 1703 
1476 1702 
1705 1706 
1704 1707 
1704 1708 
1705 2088 
1706 1756 
1356 1711 
1356 1712 
1709 1825 
1710 2169 
1354 1358 
1354 1359 
1683 1774 2032 
1683 1776 2032 
1572 1644 1718 1719 1720 1721 
1717 1722 1723 
658 1717 1724 1725 
1717 1729 1725 1730 
1717 1731 1732 1733 1734 1735 1736 
1718 
1644 1718 1934 
1600 1601 1719 1895 1896 
1719 1720 1837 
1644 2132 
1644 1832 
1644 1833 
658 1600 1720 
1656 1720 2191 2192 2193 2194 2195 
1721 1736 1978 
1721 1734 1735 
1721 1734 
1721 1732 1733 1736 
1721 1732 1978 
1721 1731 1734 
494 1738 
1329 1737 
475 495 1740 4602 
495 1739 4596 4603 
1742 
1741 1743 1744 
1742 1745 1746 
1742 1747 1748 
1743 1888 1889 1890 
1743 1761 1893 1894 
1744 1838 1840 
1394 1744 1750 2066 
1424 1684 1750 1759 
616 1684 1748 1749 1760 
616 1684 2033 
1092 1583 
1537 1754 
1753 1755 
1754 1756 
1708 1755 2037 2178 2402 
1486 1758 
1757 1770 
1749 1762 1763 
1750 2098 2099 
1424 1746 2013 2015 
1759 2658 2659 2664 
1759 3026 
1765 1766 1767 
1764 1768 1769 
1764 1770 
1764 1771 1772 1773 
1378 1680 1765 1789 1790 1791 
1765 
1758 1766 2209 2210 
1767 2045 2318 
1767 1773 2319 
1767 1772 
1678 1715 1776 1777 1778 
1678 1777 1779 1780 
1716 1774 2027 
1774 1775 2028 2029 
1774 2030 2031 
1681 1775 
1775 2028 
1434 1603 1782 
1781 
1434 1830 1940 1942 
1434 
1434 1813 2114 2117 
1434 1906 
1603 1796 1851 1854 1788 1910 
1321 1603 1787 
1382 1680 1768 
1768 2180 2181 
1768 2182 2181 2183 
1321 1375 1793 1794 1795 1796 1797 1798 
1792 1794 1799 
1792 1793 1800 1801 
1792 1799 1806 
656 1787 1792 
1792 1807 
1792 1808 1809 
1793 1795 2110 
1794 1908 1909 
1794 
1321 1984 1990 
1321 2057 
1321 1692 2143 2144 2145 
1321 1556 
1795 2185 
1797 2326 
1798 1809 
1798 1808 
1811 
1810 1812 1813 
1811 1814 1815 1816 
1785 1811 
1812 1880 2079 2080 
1812 
1812 2140 
1633 2172 2173 2174 1819 2175 
1634 2254 
1634 1817 
1634 2281 2282 2330 2331 
1634 2050 
1823 
1822 1824 
1524 1823 
1669 1711 2207 2208 
1669 
1670 
1829 
469 1464 1553 1828 1830 
1783 1829 1835 
1553 1834 
1553 1727 
1553 1728 
1831 1968 1899 1969 1970 1971 
1383 1438 1464 1830 
469 1383 1904 
469 1725 2132 
1747 1839 
1838 1841 
1747 1842 1843 
1393 1839 
1840 2077 
1627 1840 2033 
1604 1605 1845 
1605 1844 
1599 1600 1605 
1605 2139 
1606 2203 
655 658 1599 
656 1613 1851 
656 1787 1850 1854 1855 1856 
656 1383 
656 1383 
1693 1787 1851 1911 1912 
1383 1851 
1851 2197 1913 2205 2206 
1858 1859 
1627 1857 
599 1857 
1085 1861 1862 
1860 1863 1864 1865 
1860 1866 
1861 1865 1867 
1088 1861 
1861 1863 1868 
1862 
1863 1887 
1865 
612 1870 1871 
1869 1876 
1869 1877 1878 
612 1877 2121 
612 
612 1638 
612 1362 
594 1870 2223 
1871 1872 
613 1871 2226 
1435 1882 1883 1884 
1435 1814 
1435 1885 
1879 1941 
1879 1884 2114 2115 
1879 1883 2116 
1881 1979 
1330 2342 
1557 1867 
1745 1891 
1745 1892 
1745 
1888 2026 
1889 1915 
1746 2024 1926 2026 1894 2025 
1746 1893 
1654 1724 1896 1897 
1724 1895 
1601 1895 
1545 1972 
1546 1834 
1547 1550 
1555 2113 
1473 2112 
655 658 1977 
658 1836 
655 658 2100 
658 1786 
658 2101 
1800 
1800 
1787 1912 1913 1914 
1854 2196 
1854 1910 2197 2198 
1856 1910 2328 
1910 
1892 1916 
1915 1917 
1916 1927 1928 1929 1930 
1919 1920 
1918 1921 
1918 1922 
1919 2140 
1920 2089 
1405 1924 
1923 1926 
1405 
1893 1924 
1917 1928 2660 2863 2864 2865 
1917 1927 2866 
1917 1930 2866 2867 2868 
1917 1929 2865 2869 2870 
1522 1932 1933 
1536 1931 
1332 1931 
1723 
1406 2013 
1407 1413 1995 1996 1997 
1584 2039 
1584 2233 
1584 2164 
1783 1941 
1882 1940 
1783 1943 1944 
1942 
1942 2228 
594 1946 
620 1945 1947 
1946 1949 1953 1954 1955 
594 2220 2224 2225 2226 
1947 1950 1951 
1949 1952 
1949 1956 
1950 1957 
1947 1964 1967 
621 1947 2092 
621 1947 
1453 1951 2220 
1952 2224 
1560 1959 
1958 1960 
1582 1959 1962 
620 1560 1963 
621 1960 
1465 1961 2038 
1523 1953 1965 
1964 1966 
1965 2089 
1582 1953 
1834 1972 1973 1974 
1834 
1834 
1834 1975 
1898 1968 
1968 2141 
1968 2142 
1971 2367 
1409 2247 
1903 1978 
1731 1735 1977 2107 
1885 1980 
1475 1979 1981 
1980 2124 
1445 1475 
1445 1477 2081 
1802 1985 1986 1987 
1984 1988 
1984 1989 
1984 1991 1992 1993 1994 
1985 1989 
1986 1988 2160 
1802 2057 
1987 2145 2354 2355 1992 
1987 1991 
1987 
1987 2063 
1936 1998 
1936 1999 2000 2001 2002 
1936 2003 
1995 2167 2168 
1996 2276 2000 
1996 1999 
1996 2344 
1996 2370 
1997 2343 
1525 1536 
1452 2044 
1452 2095 2171 
1454 
1455 2368 
1457 
1623 2346 
1623 2240 
1623 
1761 1935 2014 2015 
2013 2024 
1761 2013 
2017 2018 2019 2020 
1474 2016 
2016 2021 
2016 2022 
2016 2023 
1475 2018 
2019 2122 
2020 2040 
1893 2014 2025 
1893 2024 2026 
1891 1893 2025 
1776 2090 
1682 1777 1780 2202 2312 
1777 2030 2385 
1778 2029 2295 
1778 2366 2385 
1715 1716 2255 2258 
1751 1843 2154 
1676 2043 
1557 
1557 2087 
1557 1756 
1963 
1937 2040 2041 
2023 2039 
2039 2042 
1490 2041 2163 
2034 
2005 
1381 1771 2050 2051 2052 2053 
1381 2054 
1360 2165 2166 
1378 2199 2200 
1378 2201 2202 
1821 2045 2371 
2045 2212 
2045 
1363 2045 2317 2384 
2046 
2056 
1331 2055 
1803 1990 2058 2059 2060 2061 
2057 2062 
2057 2061 2063 
2057 2064 
2057 2059 2064 2065 
2058 2145 
1994 2059 2064 
2060 2061 2063 
2061 2397 
1748 2096 
1602 
1602 
1612 2423 
1411 1636 2213 
1411 2229 
1411 2230 2231 2232 
1412 1417 2242 2263 2279 2280 
1412 2356 
1412 2372 
1412 2400 
1842 2078 
2077 2300 
1814 2081 2082 
1814 
1983 2079 2112 2147 2161 
2079 2227 
1580 2133 
1376 1377 2086 
1361 2204 
2084 2316 
2036 2088 
1707 2087 
1922 1966 
2027 2365 
1465 
1954 
1377 2313 
1377 2325 2357 
1467 2006 
2066 
1394 2419 
1760 2661 3296 
1760 3025 2849 3132 
1905 2107 2108 
1907 
1542 
1542 
1414 2105 2106 
2104 2360 
2104 
1978 2100 2108 
2100 2107 
1677 2268 
1799 
2112 2113 
1902 2081 2111 
1901 2111 
1785 1883 2117 
1653 1883 2117 
1884 
1785 2114 2115 
1681 1682 2305 2182 
1681 2292 2120 
1682 2119 
1492 1872 
1476 2022 2151 
1478 
1479 1981 2216 2156 2217 2218 
1480 
2127 
2126 2128 2129 
1333 2127 
1549 2127 
1625 2281 2305 
1625 2401 
1726 1837 
1582 2083 
1582 
1573 2136 2137 2138 
2135 2187 
1648 2135 
2135 2187 
1847 2362 
1816 1921 
1973 2228 
1974 
1804 2145 
1319 1804 2146 
1804 1991 2062 2143 
2144 2329 
1585 2081 2148 2149 
2147 
2147 2227 
1346 1520 
2122 2152 
2151 2218 
1628 
2033 2158 
1439 2156 2157 
2124 2155 2216 
2155 2217 
2154 2159 
2158 2162 
1989 2406 
2081 
2159 
2042 2164 
1939 2163 
2047 2249 
2047 2310 2383 
1998 2297 2299 
1998 2277 
1354 1712 2184 
1355 
2006 
1817 2236 
1817 2179 
1817 2278 2296 
1631 1817 
2177 2178 
1347 2176 
1756 2176 
1637 2173 2236 2237 2238 2239 2240 
1790 2182 2308 2312 2183 
1790 1791 2319 
1791 2118 2180 
1791 2180 2202 
2169 
1806 
1645 1650 2187 
1646 2136 2138 2186 
1647 1655 
1651 2190 
1652 2189 
1730 2409 
1656 1730 2411 
1730 2412 
1730 2411 
1730 2411 
1911 2274 2395 2396 
1856 1912 2328 
1912 2273 2328 
2048 2345 
2048 2310 
2049 2345 
2028 2049 2183 
1848 2205 2206 2405 
2085 
1856 2203 
1856 2203 
1825 2208 
1825 2207 
1770 2211 
1770 2212 
2209 2278 
2051 2210 
2070 
1548 2415 
1548 
2124 2156 
2124 2157 
2124 2152 
1442 2422 
1948 1956 2221 2222 
2220 2377 
2220 2378 2413 
1876 
1948 1957 2225 
1948 2224 2226 
1878 1948 2225 
2082 2149 2408 
1944 2141 
2071 2386 2232 
2072 
2072 2374 
2072 2229 2416 
1938 
1318 
1318 2326 
2172 2179 
2179 
2179 2247 
2179 2248 
2011 2179 
2242 2243 
2073 2241 2244 
2241 2245 
2242 2283 
1416 2243 2353 
1392 
1976 2238 2346 2347 2348 
2239 2369 
2165 2250 
2249 2251 2252 2253 
2250 2349 
2250 2365 
2250 2335 
1818 
2032 2256 
2255 2257 
2256 2334 
2032 2349 
1416 2301 2304 2288 
1416 2350 2351 
1416 2352 
1417 2352 
1419 2073 
1420 2266 
1420 2399 
1421 2264 
1423 
2109 2269 
2268 2270 
2269 2336 2337 
2272 2273 
2271 2274 
2198 2271 
2196 2272 
1485 2322 2323 
1999 2277 
2168 2276 
2174 2211 
2073 2358 
2073 2369 
1630 1820 2130 
1630 1820 
2244 2400 
2285 2286 
2284 2287 
2284 2288 2289 
2285 
2259 2286 
2286 2394 
1700 
2292 2293 2294 
2119 2291 2293 
2291 2292 
2291 2295 
2030 2294 
2174 2330 
2167 2298 
2297 2299 
2167 2298 
2078 
2259 2302 
2301 2303 
2302 2356 2304 
2259 2303 
2118 2130 2306 
2305 2307 
2306 2414 2404 
2180 2309 2310 
2308 2311 2312 
2166 2200 2308 
2309 2365 
2028 2180 2309 
2093 2314 2315 
2313 2316 
2313 2317 
2086 2314 
2053 2315 2334 
1771 2332 
1772 2181 2330 
1357 2321 
2320 
2275 2324 
2275 2325 
2322 2326 2327 
2094 2323 
1807 2235 2324 
2324 
1913 2197 2198 
1320 2146 
1820 2296 2319 2332 
1820 2333 
2318 2330 2345 
2331 2401 
2257 2317 2335 
2253 2334 
1671 2270 
2270 2375 
1589 2339 
2338 2340 2341 
2339 
2339 
1886 
2003 2344 
2001 2343 
2199 2201 2332 
2010 2247 
2247 2376 
2247 2376 
2251 2258 
2260 2387 
2260 2393 2394 
2261 2262 2359 
2245 2358 
1991 
1991 
2074 2303 
2094 2381 
2279 2353 
2352 2398 
2105 2361 
2360 
2139 
1586 2364 
2363 
2090 2252 2311 2366 
2031 2365 
1975 
2008 
2248 2280 
2002 2380 
2050 2403 2404 
2075 2373 
2372 2374 
2231 2373 
2337 
2347 2348 
2221 2378 
2222 2377 
1587 
2370 2386 
2357 2382 
2381 2383 2384 
2166 2382 
2053 2382 
2029 2031 
2229 2380 
2350 2388 2389 
2387 2389 2390 2391 
2387 2388 2392 
2388 
2388 
2389 
2351 
2289 2351 
2196 
2196 2397 
2065 2396 
2359 2400 
2265 
2076 2283 2398 
2131 2333 2414 
1756 
2371 
2307 2371 
2203 
2160 2407 
2406 
2227 
2191 2418 2412 
1656 2418 2412 
2192 2194 2195 
2193 2409 2410 
2222 
2307 2401 2421 
2214 
2232 
1655 2418 
2409 2410 2417 
2097 
1569 
2414 
2219 2423 
2069 2422 
2425 2426 
533 2424 
533 2424 
2428 
570 2427 2429 2430 2431 2432 2433 2434 2435 2436 2437 2438 2439 
2428 2606 2610 2611 
2428 2606 2609 
2428 2432 
2428 2431 
2428 2444 
2428 2577 
2428 2531 
2428 2490 
2428 2490 
2428 2442 
2428 2476 
2441 2442 
2440 2443 2444 
2438 2440 
2441 2444 2475 2476 
2433 2441 2443 2475 2477 2478 
2446 2447 
2445 2448 
2445 2449 
2446 2464 2553 2559 2560 2561 2562 2563 2564 
2447 2518 
2451 2452 
2450 2453 2454 
2450 2455 2456 2457 
2451 2535 2536 2537 2534 
2451 2457 
2452 2602 2603 
2452 4660 4904 
783 2452 2454 4904 4913 
579 2459 
2458 2462 
579 2512 2514 
579 2506 
2459 2465 2553 2565 
2464 2465 
581 2448 2463 
2462 2463 2466 2467 
2465 2605 
2465 2634 2635 2636 2637 
2469 2470 
2468 2471 
2468 2472 
581 2469 
2470 2473 2474 
580 2472 
2472 2562 
2443 2444 2476 
2439 2443 2475 2479 2480 
2444 2534 2615 
2444 2532 
2476 
2476 
566 
567 2488 
567 
567 2488 
567 2487 2491 
567 2491 
567 2485 
521 567 577 2482 2484 
568 576 2492 
568 2436 2437 
2485 2486 
2489 2504 
576 2505 2507 
576 2617 
576 2548 
576 
576 
576 
569 782 2500 2526 2527 2528 
245 569 2499 2503 2529 2530 
569 570 2531 
569 570 2532 2533 
569 2500 2534 
2492 2566 2551 
2493 2506 
2461 2505 
2493 2511 
2509 
2508 2510 
2509 2513 
2507 2512 
2460 2511 
2510 2525 
2460 2602 
2516 2517 2518 
2515 2519 
1035 2515 
2449 2515 2520 2521 2522 2523 2524 
2516 2553 
2518 
2518 2564 2639 2640 
2518 2524 2639 2641 2642 
2518 2643 2644 2645 
2518 2522 2643 
2513 2601 
2499 
2499 
2499 
2500 
2500 
2435 2501 2571 2572 2575 2576 2577 
2478 2502 2573 2594 2533 2575 2576 
2502 2532 2624 
2453 2477 2503 2539 2540 
2453 
2453 
2453 2538 
2537 2568 
2534 2595 2615 2540 
2534 2539 
2542 2543 
577 2541 2544 2545 
2541 
536 2542 
577 2542 
2547 2548 
2546 2549 2550 2551 
2495 2546 
2547 2566 
2547 2567 
2504 2547 
2553 2554 2555 
2448 2462 2519 2552 
2552 2556 2557 
2552 2558 
2554 2559 2585 
2554 4619 4620 4621 4622 
2555 2559 
2448 2556 2558 2584 
2448 
2448 
2448 2474 
2448 2564 2586 2587 
2448 2521 2563 2588 2589 2590 
2462 2629 
2504 2549 2567 
2550 2566 2617 
2538 2569 
2568 2570 
2569 
2531 2572 2573 
2531 2571 2574 
2532 2571 
2572 2611 
2531 2532 
2531 2532 
2434 2531 
2579 2580 
2578 2581 
2578 2582 2583 
2579 2596 2582 
2580 2581 
2580 2592 2621 
2559 
2556 4791 4795 4796 4797 
2563 3840 4667 4668 3761 
2563 
2564 3808 4648 3518 
2564 4712 4790 4791 4792 4793 
2564 4742 3762 
534 2592 
2583 2591 
534 2619 2620 2621 
2532 2595 
2539 2594 
2581 2622 
535 2598 2599 2600 
537 2597 2613 
2597 2600 
2597 2599 
782 2525 2625 2627 2628 
2455 2514 
2455 
1034 2605 
2466 2604 
2429 2430 2607 2608 2609 
2606 
2606 
2430 2606 
2429 
2429 2574 
2613 
2598 2612 
537 
2477 2539 2616 
2615 
2494 2567 
538 
2593 2622 
2593 
540 2583 2593 
2596 2619 
783 3840 4669 3783 
2533 
2601 2626 
2625 
780 2601 
2601 2630 
2565 4706 4844 
2628 2631 2632 2633 
319 2630 4929 
233 2630 
2630 
2467 4673 
2467 4630 4706 4707 
2467 4734 4736 
2467 4737 
578 
2521 2522 4818 
2521 4819 4820 
2522 4853 4854 4855 
2522 4856 
2523 2524 4883 
2523 4895 2645 
2523 2644 4896 
1036 4675 4836 
1036 
2649 2650 
2648 2651 2652 2653 2654 
2648 2655 
2649 3684 4665 
2649 
2649 4704 
2649 4705 
2650 3710 
2657 
2656 2658 2659 
1762 2657 2660 2661 2662 2663 
1762 2657 2663 2664 2665 2666 2667 
1927 2658 2706 2716 2717 2718 2661 2933 2934 
2098 2658 2660 2939 2940 2941 2942 
2658 2664 2948 
2658 2659 2949 
1762 2659 2662 2859 2854 
2659 3098 3099 
2659 3105 3106 
2659 
671 2896 2903 2904 2905 2901 2906 2907 2908 
671 2783 2673 
671 3022 3023 
671 683 3024 
671 674 2783 
672 2669 2674 3054 
672 2673 3050 2907 3022 3159 3052 3356 
672 677 2677 3171 3172 3357 
672 
672 2675 
2679 2680 
2678 2681 2682 
2678 2683 2684 
2679 2683 3036 3037 
2679 
2680 2681 2778 2781 2782 2783 
2680 
2686 2687 2688 
2685 2687 2689 2690 2691 2692 2693 
2685 2686 2694 2695 2696 2697 2698 2699 2700 2701 
2685 2702 2703 
2686 2824 2828 2829 2830 
2686 2882 2886 3028 3029 
2686 3030 3031 
2686 2761 
2686 3032 
2687 2738 2740 
2687 2741 2752 
2687 2741 2755 
2687 2840 2842 2846 2847 2848 2849 2844 
2687 2913 2846 2914 
2687 2736 2950 
2687 2883 2788 3283 2892 3284 3237 3285 2701 3286 2893 3287 3288 
2687 2700 
2688 
2688 
2705 2706 
2704 2707 2708 2709 2710 2711 2712 2713 2714 
2660 2704 2715 2716 2717 2718 2719 2720 2710 2721 2722 2723 
2705 2871 
2705 2794 2795 2899 3134 3135 3136 2872 2761 2815 
2705 2872 
2705 2706 
2705 2875 3184 
2705 2875 3185 
2705 2875 3186 
2705 2872 
2706 2791 2816 
2660 2706 2923 
2660 2706 2938 
2660 2706 
2706 3007 3087 2720 3014 3088 3089 3090 
2706 2719 3112 
2706 2803 3320 
2706 3284 3321 
2706 3132 3322 
2725 
673 2724 2726 2727 2728 2729 2730 2731 2732 
2725 3055 3036 3056 
2725 2728 
2725 2727 2992 2994 3104 
673 2725 2730 
673 2725 2729 2780 2732 2786 2787 3109 
673 2725 
2725 2730 
2734 2735 
2733 2736 
2733 
2699 2734 2737 
2736 
2694 2739 
2738 
2694 
2695 2696 2742 2743 2744 2745 2746 2747 2748 2749 2750 2751 
2741 2753 2754 
2741 2756 2757 2758 2759 
2741 2754 2760 
2741 2761 2762 
2741 2761 2763 
2741 2748 2755 2764 2765 2766 2767 2768 2769 2770 2771 2772 
2741 2747 2773 
2741 2774 
2741 2775 
2741 2776 2777 
2695 2788 2789 
2742 
2742 2744 2971 
2696 2747 2760 2765 3118 3119 3120 
2743 2757 2972 
2743 2756 2827 2973 2974 2855 2975 2976 
2743 2974 2829 3280 3281 
2743 
2744 2755 3118 3323 
2692 2708 2745 2746 3223 2809 3032 2953 3133 3224 
2745 3333 3334 
2746 3299 
2747 2953 2767 3304 3305 3306 3307 3308 3309 
2747 2755 
2747 
2747 2764 2768 2769 2772 3304 3364 
2747 2767 2769 2770 2771 3365 3364 
2747 2767 2768 2772 3364 3366 
2747 2768 2771 
2747 2768 2770 
2747 2767 2769 
2748 
2749 
2750 3156 3038 
2751 2779 3094 3097 
2751 
2683 2779 2780 
2776 2778 2784 
2730 2778 2785 2786 2787 
2683 3033 3034 3035 
2683 3038 
2669 2672 2683 2905 3037 3039 2906 
2779 
2780 3050 3037 3051 
2730 2780 2787 3367 3368 
2730 2780 2786 
2700 2752 3283 3288 3289 
2752 
2791 
2715 2790 2792 2793 2794 2795 2796 2797 2798 2799 2800 2801 
2791 
2791 2802 2803 
2708 2791 2804 2805 2806 
2708 2791 2807 2808 2809 2810 2811 2812 
2791 2813 2814 
2791 2815 
2791 2807 
2791 
2791 
2791 2817 2818 
2793 2873 2874 2875 2876 2877 2878 
2721 2793 2879 
2794 2805 2806 3137 3138 
2794 2804 2871 2806 
2794 2804 2805 3139 3140 3141 3142 
2795 2798 2969 
2795 3071 3079 3080 3149 2810 2811 3147 3148 
2761 2795 3149 
2795 2808 3297 
2795 2808 3298 
2795 3143 
2796 
2796 3302 
2708 2797 3225 
2715 
2801 2951 2952 
2801 
633 765 2822 
218 
218 
2819 
2824 
2689 2823 2825 2826 2827 
2824 
2824 2831 2832 2833 
2757 2824 2828 2831 2834 2835 
2689 2827 2850 2859 2860 2861 2862 
2689 2758 3110 
2689 
2826 2827 3100 3101 
2826 
2826 3103 3122 3123 
2827 
2827 
2837 2838 2839 2840 2841 
2836 
2836 2842 2843 
2836 
2697 2836 2841 2844 
2836 2840 
2697 2838 2845 
2838 3386 3387 
2697 2840 3301 
2842 
2697 2698 2915 
2697 2848 3085 
2697 2847 3086 
2099 2697 3300 
2828 2851 2852 
2850 2853 2854 2855 2856 2857 2858 
2850 
2851 2859 2989 
2664 2851 2990 
2757 2851 3049 
2851 2980 3043 
2851 
2851 
2664 2828 2853 2978 2979 2860 2987 
2828 2859 2988 
2828 
2828 
1927 
1927 2935 2936 2937 
1927 1930 2936 
1928 1929 2934 2947 
1929 2946 3396 2868 3450 
1929 2867 3457 3458 
1930 2936 3370 3413 3414 3373 2870 
1930 2869 
2707 2805 2872 
2708 2709 2714 2871 3087 3216 3217 3218 3219 3220 3221 3222 3111 
2802 3087 3216 3263 3266 2875 3272 3273 3274 3275 
2802 2878 
2711 2712 2713 2802 2873 2969 3391 3272 3392 
2802 2877 
2802 2876 
2802 2874 
2803 
2881 2882 2883 2884 2885 
2880 
2690 2880 2885 2886 2887 2888 
2700 2880 2884 2889 2890 2891 2892 2893 2894 2895 
2880 2883 
2880 2882 
2690 2882 
2882 2888 
2882 2887 
2883 2957 2958 2959 2960 
2883 
2883 
2700 2883 
2700 2883 
2883 3407 
2883 3408 
2668 2897 2898 
2896 2899 2900 2901 2902 
2896 2909 2910 2911 2912 
2708 2897 3059 3060 3062 2901 3063 3064 3065 
684 2897 3062 3130 3131 
2668 2897 2899 3161 3162 3163 3164 
2897 3187 3188 3189 3190 3191 3192 3193 
2668 2904 2964 
2668 2903 2965 2966 2967 2968 
2668 2783 3050 
2668 2783 
2668 2674 3050 2908 2995 2997 3052 3053 3238 
2668 2907 3239 
2898 
2898 
2898 
2898 
2698 
2698 2916 2917 2918 2919 2920 2921 
2846 3237 2916 
2914 2915 2920 3397 3398 3399 
2914 
2914 2919 2921 
2914 2918 2921 
2914 2916 
2914 2918 2919 
2923 2924 2925 2926 
2716 2922 2927 
2922 2926 2928 2929 2930 2931 
2922 2928 2932 
2922 2924 
2923 3400 
2924 2925 3409 3410 2929 2930 2931 
2924 2928 2930 2931 3016 
2924 2928 2929 3369 3375 3411 
2924 2928 2929 3410 3412 
2925 
2660 2943 2944 
2660 2866 2945 2946 2947 
2864 2936 3369 3370 3371 3372 
2864 2865 2869 2935 3373 
2864 
2717 3027 
2661 3247 3251 
2661 3253 3254 
2661 3260 3261 
2661 3257 3295 
2933 3245 3246 3247 
2933 
2934 2946 
2867 2934 2945 3395 3396 
2866 2934 
2662 3001 3004 
2663 
2699 
2817 
2817 2953 2954 
2761 2764 2952 2990 3025 3218 3219 3302 
2952 
682 
682 
2889 2959 2960 
2889 2961 2962 2963 
2889 2957 2960 
2889 2957 2959 
2958 
2958 
2958 3486 
2903 
2904 3124 
2904 3125 
684 2904 3126 
2904 3053 3127 3128 3129 
2807 2875 2970 
2969 3137 
2754 3314 3315 
2756 
2757 3043 3044 
2757 2758 3048 
2757 
2757 
2978 2979 2980 
2859 2977 2981 
2859 2977 2982 
2856 2977 2983 2984 2985 2986 
2978 2982 
2979 2981 
2980 3044 3045 3345 3346 
2980 3345 3347 3348 3349 3350 3351 3352 
2980 
2980 
2859 
2860 3005 
2853 
2854 2953 3082 3026 3083 3084 
2992 2993 
2728 2991 2993 2994 2995 2996 2997 
2991 2992 2998 2999 3000 
2728 2992 
2907 2992 3038 3053 3238 3340 
2992 2997 
2907 2992 2996 3050 3053 3401 
2993 3000 
2993 
2993 2998 3157 3463 
2948 3002 3003 
3001 
3001 
2948 
2988 3341 
3007 3008 3009 3010 
2719 3006 3011 3012 3013 
3006 3014 3015 3016 3017 
3006 3018 3019 
3006 3020 3021 
3007 3012 3091 3092 
3007 3011 3091 
3007 3087 3093 
2719 3008 3017 3113 
3008 3418 3016 
2929 3008 3015 3420 
3008 3014 3113 
3009 
3009 3426 3489 
3010 
3010 3438 3490 
2670 2674 
2670 
2671 
684 2099 2953 3026 3062 3132 3133 
684 1763 2990 3025 
2938 
2690 3029 
2690 3028 
2691 3167 
2691 
2693 2761 3299 
2781 
2781 
2781 
2681 2726 3058 
2681 2783 2785 
2775 2782 2995 3157 
673 2783 3107 3108 3151 3042 
3041 
3040 3042 
3039 3041 
2856 2973 3045 3046 
2973 2983 3047 
2983 3043 3343 3344 
3043 
3044 
2974 
2855 
2674 2785 2905 2907 2997 3051 3052 3053 
2785 3050 
2674 2907 3050 3159 3356 3421 
2907 2968 2995 2997 3050 3129 3238 
2673 
2726 3057 
2726 
3055 
3036 
2899 3060 3061 
2899 3059 3063 3066 3067 3068 3069 
3059 
2899 2900 3025 
2899 3060 
2899 3165 
2899 3165 
3060 3078 3069 
3060 3137 3181 3149 3182 
3060 
3060 3066 3183 
3071 3072 3073 3074 3075 3076 
2808 3070 3072 3075 3077 3078 3079 3080 
3070 3071 3075 3081 
3070 
3070 
3070 3071 3072 
3070 
3071 3143 3144 3145 
3066 3071 3079 3146 
2808 3071 3078 3147 3148 
2808 3071 
3072 
2990 
2990 3316 3317 
2990 3316 3318 
2847 
2848 3313 
2719 2872 2873 3013 3111 
2719 3114 
2719 3115 
2719 3116 3117 
3011 3012 
3011 
3013 3488 
2776 3095 3096 
3094 
3094 
2776 3331 3332 
2665 
2665 
2831 
2831 
3103 
2833 3102 
2728 
2666 
2666 
673 3039 3152 
673 3039 3153 
2730 
2829 
2872 3087 3279 
2720 3319 
3014 3017 
3088 
3089 3441 3468 
3090 
3090 3465 3491 
2755 2760 
2755 3120 
2755 3119 
3122 
2833 3121 3123 
2833 3122 3294 
2965 
2966 3240 3208 
2967 
2968 
2968 
2968 3053 
2900 
2900 
2099 2723 3025 
2761 3025 3303 
2708 3137 3203 
2708 3137 3204 
2708 3137 3205 
2804 2970 3067 3134 3135 3136 3194 3181 3195 3149 3196 3197 3198 3199 3182 3165 3200 3201 3202 
2804 
2806 3140 3141 
2806 3139 3141 
2806 3139 3140 
2806 
2812 3077 
3077 3145 3150 
3077 3144 3150 
3078 3206 3359 3394 
2808 3079 3149 3206 3358 
2808 3079 3480 
2808 2809 3067 3137 3147 3182 3206 
3144 3145 
3039 3154 3155 
3107 
3108 
3151 3244 
3151 
2775 
3000 3038 
687 3159 3160 
680 691 2674 3052 3158 3356 3160 3177 
3158 3159 
2901 3187 
2901 3187 
2901 
2901 
3064 3065 3137 3201 3202 3211 3212 3213 3214 3215 
3167 
3030 3166 3168 
3167 3419 
676 
676 677 
677 697 2675 3174 3172 
677 2675 3171 
677 
678 697 3171 3451 3453 3175 3454 3455 
678 697 3174 
678 
680 3159 
680 
680 
685 804 3230 3327 3329 4337 4338 
3067 3137 
3067 3137 3149 
3069 
2711 
2712 
2713 
2902 3161 3162 3378 3459 3379 3188 3189 3190 3191 
2902 3187 3189 
2902 3187 3188 
2902 3187 3378 3459 3462 
2902 3187 3378 3379 3192 
2902 3191 
2902 
3137 3196 3198 3202 
3137 3197 
3137 3194 3207 
3137 3195 3208 3209 3210 
3137 3194 
3137 
3137 3202 
3137 3165 
3137 3165 3194 3200 3211 3212 
3134 
3135 
3136 
3146 3147 3149 3358 3359 
3196 
3125 3197 3209 3324 3325 
3197 3208 3210 3406 
3197 3209 
3165 3202 3212 
3165 3202 3211 3213 3215 
3165 3212 
3165 3215 
3165 3212 3214 
2872 2873 3263 3264 3265 3266 3267 3268 
2872 
2872 2953 3277 
2872 2953 3278 
2872 
2872 
2872 
2761 3240 
2761 3312 
2815 
3227 3228 3229 
3226 3229 3230 3231 
3226 3230 3232 3233 
645 808 3226 3227 3234 3235 3236 
805 3180 3227 3228 3326 3327 3328 3329 
3227 3330 
3228 4320 4323 4324 4321 
3228 4325 4328 4389 4390 
3229 4391 4057 4058 
644 645 3229 4429 4430 4431 3236 
3229 3235 4433 
2700 2915 3284 3285 3286 3291 3292 3293 
2907 2995 3053 
2908 
3125 3223 3241 3242 
3240 3243 
3240 3243 
3241 3242 3474 
3154 
2943 3248 
2943 3249 
2939 2943 3250 
3245 
3246 3475 3476 3477 
3247 
2939 
3253 
2940 3252 
2940 3255 
3254 
3257 
2942 3256 3258 
3257 3478 
3260 
2941 3259 
2941 3262 
3261 
2873 3216 3266 3269 3270 3271 
3216 
3216 
2873 3216 3263 
3216 3268 
3216 3267 3276 
3263 3270 
3263 3269 
3263 
2873 2875 3391 3392 
2873 3274 
2873 3273 
2873 
3268 
3218 
3219 
3111 
2758 3282 
2758 
3280 3487 
2700 2788 3287 3288 
2700 2722 3237 3285 3290 
2700 3237 3284 3290 
2700 3237 
2700 3283 
2700 2788 3283 
2788 
3284 3285 
3237 3292 3293 
3237 3291 3293 3471 3472 3473 
3237 3291 3292 
3123 
2942 
2098 
2810 
2811 
2763 3032 
2849 
2844 3402 3405 
2814 2953 3310 3311 
3133 
2764 2767 
2764 3306 3308 
2764 3305 3308 
2764 3309 
2764 3305 3306 
2764 3307 
3302 3355 
3302 
3224 
3086 
2971 
2971 3342 
3083 3084 
3083 
3084 
3112 
2721 
2722 
2723 
2760 
3208 
3208 
3230 4320 4328 4329 3328 4330 
3180 3230 4331 4332 
3230 3326 4405 4469 4470 4471 4472 
3180 3230 4389 
3231 
3097 3332 
3097 3331 
2762 
2762 
3336 3337 
3335 3338 
694 3335 3339 
3336 
3337 
2995 
3005 
3315 3479 
3045 
3045 
2983 2984 3353 3354 
2983 
2984 
2984 
2984 
2984 
2984 
2984 
3345 
3345 
3310 
2674 3052 3159 
2675 
3147 3206 
3146 3206 
3361 3362 
3360 3363 
3360 3363 
3361 3362 3436 3468 
2767 2768 2769 
2768 3383 3393 3384 
2769 
2786 3368 
2786 3367 
2930 2935 3371 3374 3375 
2869 2935 3372 3376 
2935 3369 
2935 3370 
2869 2936 3445 
3369 
2930 3369 3411 
3370 3446 
3378 
3187 3190 3191 3377 3379 3380 
3187 3191 3378 
3378 
3382 3383 
3381 3383 
3365 3381 3382 3384 
3365 3383 
694 
2843 3388 
2843 3389 3390 
3386 3390 3447 3448 3449 
3387 3390 
3387 3388 3389 
2875 3272 3392 
2875 3272 3391 
3365 
3146 
2946 
2867 2946 
2916 3398 3399 
2916 3397 3399 
2916 3397 3398 3469 3470 
2927 
2997 
3301 3403 3404 3405 
3402 
3402 
3301 3402 
3209 
2894 3408 4263 4264 4265 
2895 3407 4259 
2928 
2928 2931 
2930 3375 
2931 
2869 3414 3415 
2869 3413 3416 3417 
3413 
3414 
3414 
3015 
3168 
3016 
3052 
3423 
3422 3424 
3423 3491 3492 
3426 
3019 3425 
3428 
3427 3429 
3428 3434 3441 
3431 
3430 3432 
3431 3482 3444 
3434 
3429 3433 
3436 
3363 3435 
3438 
3021 3437 
3440 
3439 3441 
3115 3429 3440 
3443 
3442 3444 
3432 3443 3491 
3373 
3376 
3388 
3388 
3388 
2867 
697 3174 3452 
3451 
697 3174 
697 3174 
697 3174 
697 
2868 3458 
2868 3457 
3187 3190 3460 3461 
3459 3483 3461 
3459 3460 3484 3485 
3190 
3000 
3465 
3117 3464 
3467 
3466 3468 
3115 3363 3467 
3399 3470 
3399 3469 
3292 
3292 
3292 
3243 
3249 3477 
3249 
3249 3475 
3258 
3342 
3148 
3482 
3432 3481 
3460 
3461 
3461 
2963 4264 
3282 
3093 
3019 
3021 
3117 3424 3444 
3424 
3494 3495 3496 
3493 3497 3498 3499 3500 3501 3502 
3493 3503 
3493 3504 
3494 3695 3919 3920 3921 3922 
3494 
3494 
3494 3924 3925 
3494 
3494 3691 
23 3495 3595 3747 
3496 3528 3540 3624 3626 3627 3628 3629 3630 3631 
3506 3507 3508 3509 
3505 3510 3511 
3505 3512 3513 
3505 
3505 3514 
3506 3515 3516 3517 
3506 3518 3519 
3507 3550 
3507 3758 
3509 3603 3613 
23 3510 3544 3546 3547 3548 
3510 3650 
3510 3648 
2588 3511 4660 4661 4662 4663 4664 
3511 4783 4801 4660 
3521 3522 3523 3524 3525 
3520 3526 3527 3528 
3520 3529 
3520 3530 
3520 3531 3532 
3520 3533 3534 
3521 3528 3535 3536 3537 3538 3539 3540 
3521 3541 
3504 3521 3526 3542 3543 
3522 3530 3739 
3523 3529 
3524 3542 
3524 
3525 3541 
3525 3541 
3526 3614 3615 3616 
3526 3621 
3526 
3526 
3526 
3504 3526 3622 3623 
3527 3533 3534 3740 3741 
3528 3531 3568 
3528 3730 3755 3756 3757 
3515 3545 
3544 3549 3550 
3515 
3515 
23 3515 
3545 3975 
3512 3545 
23 3602 3663 
23 3629 
23 3592 
23 3683 
3556 
3555 3557 3558 
3556 3559 3560 
3556 3901 3936 3937 
3557 3561 
3557 3562 3563 
3559 3718 3727 3728 
3560 3688 
3560 3972 
3565 3566 3567 
3564 
3564 3568 3569 
3564 3570 
3542 3566 3616 3621 3752 3753 3754 
3566 
3567 3763 3764 3765 3766 
3572 
3571 3573 3574 3575 3576 3577 3578 3579 3580 3581 3582 3583 3584 3585 
3572 
3572 
3572 3586 3587 3588 3589 3590 
3572 3591 
3572 3591 
3572 3898 3899 
3572 3697 
3572 3780 
3572 3934 
3572 
3572 3822 
3572 3948 
3572 3948 
3575 
3575 3669 
3575 3926 
3575 3933 
3575 3947 
3576 3577 3592 3593 3594 3595 3596 
3553 3591 3597 3598 
3591 3599 
3591 3600 
3503 3591 3601 
3591 3602 
29 3592 
29 3592 
3593 3806 
3594 3636 
3595 
3551 3596 3636 3681 3682 3683 3684 
3514 3604 3605 3606 3607 
3603 
3603 3608 3609 
3603 3610 
3603 3611 3612 
3605 3648 3611 3748 
3605 
3606 3650 
3607 3608 
3607 
3514 3905 
3535 3617 
3535 3618 3619 
3535 3568 3620 
3614 3619 
3615 
3615 3617 3946 
3616 
3536 3568 3826 3752 3827 
3540 3734 
3540 3813 3862 3864 
3504 3625 
3624 3632 
3504 3630 3633 3634 3635 
3504 3628 3636 3637 3638 
3504 3627 3639 3640 3641 3642 3643 3644 3645 
3504 3552 3646 3647 
3504 3626 
3504 3648 3649 
3625 3860 3866 
3626 3715 3639 3716 
3626 3642 
3626 3644 
3600 3602 3627 3669 3674 3675 3676 
3627 
3627 3759 3760 3761 3762 
3628 3633 
3628 3801 
3628 3801 
3628 3634 
3628 3676 
3628 3635 
3628 3806 
3629 3831 3647 3832 3833 
3629 3646 
3517 3608 3631 3718 3726 3725 
3631 3963 
3516 3610 
28 3652 3653 3654 
3651 3655 3656 3657 3658 3659 3660 3661 3662 3663 
3651 3664 
3651 3666 3667 3668 
29 3652 
3652 
3652 3820 3821 
3652 3822 
3652 3823 
3652 3824 3825 
3652 
3652 
3551 3652 
3653 3876 3877 3878 3879 3880 3821 
28 
29 3654 
3654 
3654 
3587 3636 3670 3671 3672 3673 
3669 
3669 3677 
3669 3678 3679 
3669 3680 
3636 
3636 
3636 3643 
3671 3949 
3672 
3672 3969 
3673 
3602 3703 3807 
3602 3808 
3554 3602 3809 
2651 3602 3810 
3686 3687 
3685 3688 
1308 3685 3689 
3562 3686 
3687 4669 3783 3785 
3691 3692 3693 3694 3695 
3502 3690 3696 
24 3690 3697 3698 3699 3700 3701 
29 3690 
29 3690 
3497 3690 
21 3691 3908 
3579 3692 
3692 
3692 3956 3958 
3692 3956 3959 
3692 3958 3959 
3703 3704 3705 3706 3707 
3681 3702 3708 3709 3710 
3702 3711 3712 
3702 
3702 
3702 3713 3714 
3703 3713 
3703 
2655 3703 3807 3839 
3704 3896 3897 
3704 3974 
3707 3708 3786 
3707 
3633 3742 3743 
3633 3747 
3718 3719 3720 3721 
3561 3648 3717 
3717 3722 3723 
3717 3724 
3717 3725 3723 
3719 3945 
3719 3721 
3720 3979 
3648 3721 3751 
3648 
3561 3781 3782 
3561 3783 3784 3785 
3730 3731 
3543 3729 3732 3733 3734 
3729 3735 3736 3737 3738 
3730 
3730 3778 3755 
3622 3730 
3731 3811 3819 
3731 3811 
3731 3778 
3731 3818 3965 3819 
3529 3990 
3541 
3541 
3715 3744 
3715 3745 3746 
3742 3922 
3743 
3743 
3503 3716 
3608 3749 3750 
3748 3764 
3748 
3725 4905 4664 
3568 3621 3753 3830 
3568 3752 
3568 3774 
3543 3733 3779 
3543 3787 3798 
3543 4643 4671 
3513 4783 
3638 3888 
3638 4611 
2586 3638 
2590 3638 4745 4842 
3570 3767 3768 
3570 3749 3769 
3570 3770 
3570 3771 
3763 3787 3788 3789 3790 3791 
3763 3799 3800 
3764 
3765 3988 
3766 4910 4912 
3773 
3772 3774 
3754 3773 
3776 
3775 3777 
3776 3808 3841 3852 
3733 3737 
3755 3856 
29 3580 
3727 3782 
3727 3781 
2623 3689 3728 
3728 3798 4925 
3689 3728 3993 
3713 
3756 3767 
3767 3792 
3767 3793 3794 3795 
3767 3796 
3767 3797 
3788 3909 3911 3912 
3789 3909 3913 
3789 3915 
3789 
3790 3994 
3791 3998 
3756 3784 3871 4923 4924 
3768 3915 3916 3917 
3768 3911 3955 
3640 3641 3802 3803 3804 
3801 
3801 3805 
3801 3805 
3803 3804 3927 3947 
3599 3645 
3681 3710 3808 
2588 3682 3777 3807 3840 3841 
3683 
3684 4714 4751 
3735 3736 3812 3813 
3811 3814 3815 
3623 3811 3816 3817 3818 
3812 
3812 3930 3931 3816 
3813 3815 
3813 3950 
3738 3813 
3735 3738 3967 3968 3932 
3657 
3657 3664 3907 
3583 3658 
3659 3933 
3660 3949 
3660 
3621 3828 3829 
3621 3830 
3826 
3826 
3752 3827 
3646 
3646 3834 3835 3836 
3646 3837 3838 
3832 3925 
3832 
3832 
21 3833 3953 
3833 
3710 4693 
2586 2623 3808 
3777 3808 4665 4666 
3843 3844 
3842 
3842 3845 3846 
3844 4696 
3844 4740 4741 
3848 3849 
3847 3850 
3847 3851 3852 3853 3854 
3848 
3849 4756 
3777 3849 
3849 4760 4740 
3849 4831 4832 
3856 
3779 3855 3857 
3856 3858 
3857 3859 
3858 3865 
3632 3861 3862 3863 
3860 
3623 3860 3864 
3860 3865 
3623 3862 
3859 3863 
3632 3963 
3868 
1308 3867 3869 3870 3871 3872 3873 3874 3875 
3868 
3868 3981 3982 
3798 3868 4910 
3868 4914 
3868 4935 
3868 
3868 4935 4934 
3664 
3664 
3664 
3664 3880 3928 
3664 3879 
3882 
3881 3883 3884 
3882 
21 3882 
3886 3887 3888 
3885 
3885 
3759 3885 3889 
3888 4608 4610 4611 4612 4613 4614 
3891 
3890 3892 3893 3894 3895 
3891 
3891 4926 4927 
1309 3891 
3891 4928 
3711 
3711 
3578 
3578 3944 
3901 
3558 3900 3902 3903 
3901 
3901 
3905 
3613 3904 
3907 
3821 3906 
21 3696 
3792 3793 3910 
3909 
3792 3800 
3792 3914 
3793 3984 
3912 3918 
3794 3799 
3799 
3799 
3914 
3497 
3497 
3497 3923 
3497 3744 
3921 
3500 
3500 3834 
3588 3927 
3805 3926 
3879 
22 
3815 
3815 3932 
3819 3931 
3589 3823 
3581 3935 
3934 
3558 3939 
3558 
3939 3940 
3936 3938 3941 3942 
3938 3943 
3939 
3939 3983 
3940 
3899 
3722 
3619 
3590 3805 
3584 3585 
3677 3824 
3817 3951 3952 
3950 
3950 
3837 
3955 
3800 3954 
3699 3700 3957 
3956 
3699 3701 3960 
3700 3701 3961 
3958 
3959 
24 
3649 3866 
3965 
3738 3964 
3967 
3819 3966 
3819 
3679 3970 
3969 
3972 
3563 3971 3973 
3972 
3712 
3549 
3977 3978 3979 
3976 3980 
3976 
3724 3976 
3977 3992 
3870 
3870 3997 
3942 3992 3993 
3913 3985 3986 
3984 3991 
3984 
3988 
3770 3987 3989 
3988 
3739 
3985 
3980 3983 
3785 3983 3995 3996 3997 
3796 
3993 
3993 4904 4803 
3982 3993 
3797 
4000 4001 
3999 4002 4003 
3999 4004 
4000 4023 
4000 4063 4072 
4001 4005 4008 4009 4010 4011 4012 
4004 4006 4007 
4005 4013 
4005 4008 4014 4015 
4004 4007 
4004 4029 4012 4046 
4004 
4004 
4004 4009 
4006 4049 4063 4064 4065 4066 4067 4068 4069 4070 
4007 4020 
4007 4055 4134 4135 4136 4137 4138 4139 
4017 4018 4019 
4016 4020 
4016 4021 4022 
4016 4021 
4014 4017 4021 
4018 4019 4020 4056 4022 4140 
4018 4021 
4002 4024 4025 
4023 4026 
4023 4027 4028 
977 4024 4029 4030 4027 
4025 4026 4086 4087 4088 4089 4090 
4025 4091 4092 4093 4094 4095 4096 
4009 4026 4045 
977 4026 4073 4077 4078 4079 4080 4081 
4032 
4031 4033 4034 4035 
4032 4036 4037 4038 4039 4040 
4032 4035 4041 
4032 4034 
4033 4042 4043 
4033 4086 4087 4041 4097 4038 
4033 4037 4100 
4033 
4033 4110 4133 
4034 4037 4097 4098 4099 
4036 
4036 4044 
4043 4149 
4029 
4009 4050 4122 4123 4124 4125 4126 4127 4128 4129 4130 4131 4132 
4048 4049 4050 4051 4052 
4047 
974 4013 4047 4053 
4046 4047 4054 
4047 
977 4047 4055 4056 4057 4058 4059 4060 4061 
4049 4056 4071 
977 4050 4116 
977 4015 4052 
4021 4052 4053 
809 3234 4052 4326 4327 
3234 4052 
4052 4325 4349 4428 
4052 
4052 
974 4077 4150 4094 4151 4152 
4003 4013 
4013 4155 
4013 4155 4157 
4013 4167 
4013 4184 
4013 4157 
4013 4156 
4013 4136 
4053 4160 
4003 
4030 4074 4075 4076 
4073 
4073 4082 4083 
4073 4084 4085 
4030 4062 4096 
4030 
4030 4082 
4030 4085 
4030 4095 
4075 4079 
4075 4130 4176 4120 4132 
4076 
4076 4080 4189 
4027 4037 
4027 4037 
4027 4111 
4027 4141 4142 4143 4144 4145 4108 4146 
4027 
975 4028 4106 
4028 4093 
4028 4092 4154 
4028 4062 4169 
4028 4081 4102 4183 4106 
4028 4077 
4037 4041 
4041 4116 
4041 
4038 4110 
975 4105 
975 4095 4107 
975 4108 4109 
975 4110 4109 
4101 4171 4148 
4091 4095 
4102 4110 
4089 4103 4144 4133 4149 
4103 4104 
4040 4100 4104 4107 
976 4088 
978 
978 
978 
979 
4054 4098 4117 4118 4119 
4116 
4116 4120 
4116 4121 
4083 4118 4176 
4119 
4046 4123 4124 4125 
4046 4122 4180 
4046 4122 
4046 4122 4181 
4046 4182 
4046 4186 4131 4151 
4046 4129 4130 
4046 4128 
4046 4083 4128 
4046 4127 
4046 4083 4187 
4040 4108 4175 
4015 4159 
4015 4136 
4015 4070 4135 
4015 4160 
4015 4139 
4015 4138 4192 
4021 4153 
4089 
4089 4147 
4089 4144 
4089 4108 4143 
4089 4148 4147 
4089 
4142 4145 4172 
4105 4145 4172 
4044 4108 4175 
4062 4167 4168 
4062 4127 
4062 4168 
4140 4177 4178 
4093 4161 4163 
4064 4065 4156 
4069 4155 4158 
4065 4068 4167 
4156 4169 4174 
4134 4160 
4071 4137 4159 
4154 4162 
4161 4164 
4154 4165 4166 
4162 4170 4166 
4163 4169 
4163 4164 
4066 4150 4157 
4150 4152 4184 
4094 4158 4165 
4164 
4105 
4147 4148 
4174 
4158 4173 
4133 4149 
4083 4120 
4153 
4153 4179 
4178 4190 4191 
4123 4182 
4125 
4126 4180 
4095 
4067 4168 4185 
4184 
4127 4187 
4132 4186 4188 
4187 
4085 
4179 
4179 4192 
4139 4191 
4194 
4193 4195 4196 
4194 4225 4230 
615 4194 
4198 4199 4200 
4197 4201 4202 
4197 4203 
4197 4204 4205 
4198 4241 4203 4242 4243 4244 
4198 4245 
4199 4201 4213 4248 4249 4250 4223 4251 
4200 4279 4284 4285 
4200 4222 4280 
4207 4208 
4206 4209 
4206 4210 
4207 4211 4212 
4208 4301 
4209 4213 
4209 4289 
4203 4211 
4215 
4214 4216 4217 
4215 4226 4252 4273 4274 4275 
4215 4295 4240 
4219 4220 
4218 4220 4221 
4218 4219 4222 4223 4224 
4219 4291 
4205 4220 4244 4238 4281 4282 4271 
4203 4220 4247 4290 
4220 4252 
4195 4226 4227 4228 
615 4216 4225 4228 4229 
4225 4231 
4225 4226 
4226 4276 
4195 4275 4276 
4227 4312 
4233 4234 4235 
4232 4236 4237 4238 
4232 4239 
4232 4240 
4233 
4233 
4222 4233 4277 4278 
4234 
4217 4235 4294 
4201 4246 4247 
4201 
4201 4248 
4201 4222 4252 
4202 4253 
4241 
4223 4241 4262 
4203 4243 4253 4255 4256 
4203 
4203 
4203 
4216 4224 4244 4302 
4245 4248 4254 
4253 4257 
4248 4257 
4248 4258 
4254 4255 
4256 
3408 4260 4261 4262 
4259 4266 
4259 4269 
4247 4259 4270 4271 
3407 4297 
3407 3486 4300 4299 
3407 4306 
4260 4267 4268 
4266 4303 
4266 
4261 4291 4270 4271 4302 
4262 4269 
4222 4262 4269 4291 4305 
615 4287 
4216 
4216 
4216 4230 
4229 4230 4312 4313 
4238 4279 
4238 4283 
4204 4277 4280 
4205 4279 
4222 4291 
4222 
4278 4316 4317 4318 
4204 
4204 
4287 
4272 4286 4288 
4287 
781 4212 
4223 
4221 4269 4271 4281 4292 
4291 4303 4304 
4294 4295 
4240 4293 
4217 4293 
4297 4298 
4263 4296 
4296 4299 
4264 4298 4306 
4264 
4210 4307 
4252 4269 
4267 4292 4304 4305 
4292 4303 
4271 4303 
4265 4299 
4301 4308 
4307 4309 4310 
4308 4311 
4308 4311 
4309 4310 4314 4315 
4231 4276 
4276 
4311 
4311 4370 4371 4372 4373 4374 
4283 
4283 
4283 
4320 
3232 3326 4319 4321 4322 
3232 4320 4325 4326 4327 
4320 
3232 
3232 
3233 4059 4321 4348 4349 
4057 4321 4327 4350 
4057 4321 4326 
3233 3326 4405 4406 4407 4408 
3326 4406 4439 4440 4441 
3326 4476 
3327 4333 4334 4335 4336 
3327 
804 4331 4340 4347 
4331 4352 
4331 4477 4478 4479 4480 4481 
4331 4354 4482 
3180 
3180 4505 4506 
4340 4341 
804 4333 4339 
4339 4342 4343 
4341 
4341 
804 4435 4436 4345 4437 
804 4344 4485 4486 
804 4493 4494 4495 4496 4497 
4333 4498 4499 
4325 4425 4426 4427 
4059 4325 
4326 
4352 
4334 4351 4353 4354 
4352 
4336 4352 
4356 4357 
4355 4358 4359 4360 
303 4355 
4356 4362 4371 4395 4396 4397 4398 
4356 4397 4399 
4356 
4362 4363 
807 4358 4361 4364 4365 
4361 4366 4367 4368 4369 
4362 4400 4401 
4362 4466 4467 
4363 
4363 
4363 
4363 4507 4508 4509 
4315 
4315 4358 4383 4387 4388 
4315 4402 
4315 4403 
795 4315 
4376 4377 4378 4379 4380 
4375 4378 
4375 
645 4375 4376 
4375 
4375 4381 4382 
4380 
4380 
4371 4384 4385 4386 
4383 
4383 
4383 
4371 4388 4458 
4371 4387 4459 4460 
3233 3329 4405 4409 4410 
3233 4411 
3234 4392 4393 4394 
4391 
4391 
4391 
4358 4455 
4358 4461 4462 4463 4464 4465 
4358 4359 
4358 4424 
4359 
4364 
4364 
4372 4404 
4373 
4402 
3328 4328 4389 4416 4420 4423 
4328 4329 4438 
4328 4442 4443 4444 
4328 4449 4450 4451 4452 4453 4454 
806 4389 
4389 4473 4474 4475 
4390 
645 
633 
631 
4416 4417 4418 
4405 4415 4419 4420 
4415 
4415 
4416 4421 4422 
4405 4416 
4419 
4419 
4405 4468 
807 4398 
4348 
4348 
4348 
4059 
3235 
3235 
3235 4432 
4431 
3236 
4435 
4344 4434 
4344 4483 4484 
4344 4500 4501 4502 
4406 
4329 
4329 
4329 
4407 4445 4446 4447 4448 
4407 
4407 
4442 
4442 
4442 
4442 
4408 
4408 
4408 
4408 
4408 
4408 
4395 4456 4457 
4455 
4455 
4387 
4388 
4388 
4396 
4396 
4396 
4396 
4396 
4365 
4365 
4423 
3328 
3328 
3328 
3328 
4410 
4410 
4410 
4330 
4335 4489 4490 4491 4492 
4335 
4335 
4335 
4335 
4336 4503 4504 
4436 
4436 
4345 4487 4488 
4345 
4485 
4485 
4477 
4477 
4477 
4477 
4346 
4346 
4346 
4346 
4346 
4347 
4347 
4437 
4437 
4437 
4482 
4482 
4338 
4338 
4369 
4369 
4369 
4511 4512 4513 4514 4515 
4510 4512 4516 4517 4518 4519 4520 4521 4522 
4510 4511 4523 4520 
4510 
496 497 4510 4515 4524 4525 4526 4527 4528 4529 
4510 4514 4521 4530 
4511 4533 4547 4550 4523 4556 4517 4557 4558 
4511 4516 4533 4550 4523 4556 4557 4558 4519 4520 4580 4581 4582 4583 
4511 
4511 4517 4558 4520 4586 4564 
4511 4512 4517 4519 4521 4522 4529 
4511 4515 4520 4530 4529 4587 
4511 4520 
4512 4516 4517 4533 4547 4548 4550 4553 4543 4525 4546 
4514 4542 4543 4544 4545 4525 4526 4546 
419 496 497 4514 4523 4524 4553 4544 4545 4526 4546 
443 496 497 4514 4524 4525 4551 4543 4544 4545 4546 
419 496 4514 
419 496 4514 
496 497 4514 4520 4521 4594 
4515 4521 
4532 4533 
4531 4534 4535 
4516 4517 4523 4531 4536 4535 4537 4538 4539 4540 
4532 4536 
4532 4533 4537 
4533 4534 4537 4541 
4533 4535 4536 4549 4559 4539 4571 
4533 4582 
4533 4537 4589 
4533 4557 
4536 4563 4585 
4524 
443 4523 4524 4526 4547 4548 4550 4553 4567 4568 
4524 4525 4526 4547 4551 4545 4546 
4524 4525 4526 4544 4551 4546 
4523 4524 4525 4526 4544 4545 
4516 4523 4543 4544 4548 4549 4550 4551 4552 4553 4554 
4523 4543 4547 4550 4553 4555 
4537 4547 4554 4559 4556 4560 
4516 4517 4523 4543 4547 4548 4553 
4526 4544 4545 4547 
4547 4559 4561 4562 4556 4563 4564 4565 4566 
4523 4525 4543 4547 4548 4550 
4547 4549 
4548 
4516 4517 4549 4552 4559 4562 4557 4558 4563 4564 4579 
4516 4517 4540 4556 4558 4580 4581 4583 4564 4584 
4516 4517 4519 4556 4557 4580 4563 4585 4575 4564 4584 
4537 4549 4552 4556 4561 4569 4562 
4549 
4552 4559 4570 
4552 4556 4559 4569 4570 4575 
4541 4552 4556 4558 4591 
4519 4552 4556 4557 4558 4569 4575 4576 
4552 
4552 
443 4543 
4543 
4559 4562 4564 4572 4573 4574 4575 4576 4577 4578 
4561 4562 
4537 
4569 4590 4573 
4569 4572 4574 4576 4577 
4569 4573 4575 
4558 4562 4564 4569 4574 4576 
4564 4569 4573 4575 4577 4592 
4569 4573 4576 4593 
4569 
4556 
4517 4557 4558 4586 
4517 4557 
4517 4538 
4517 4557 
4557 4558 
4541 4558 
4519 4580 4588 
4521 
4586 4592 
4539 
4572 
4563 
4576 4588 
4577 
4529 
474 
474 475 1740 4597 
4596 4600 
476 4599 
4598 
4597 4601 
4600 
1739 
1740 
766 
766 
767 
767 
3889 4609 
4608 4615 4616 
3889 4617 
3760 3889 
3889 4677 
3889 4678 
3889 4679 
4609 4714 
4609 4695 
4610 4618 
4617 4744 4745 4746 
2557 4623 4624 
2557 4625 4626 4627 4628 4629 
2557 4630 4631 
2557 
4619 
4619 
4620 4738 4789 
4620 4627 4823 4824 4825 
4620 4626 4826 
4620 4654 4833 4834 
4620 4826 4840 
2635 4621 
4621 4846 
4633 4634 4635 
4632 4636 
4632 4637 4638 
4632 
4633 4747 4821 4842 
4634 4780 4787 
4634 4750 
4640 4641 
4639 4642 
4639 4643 4644 
4640 
3757 4641 4670 
4641 4678 
4646 
4645 4647 
4646 4720 4721 
2588 4649 4650 4651 4652 
4648 4653 4654 4655 
4648 4656 4657 
4648 4658 
4648 4659 
4649 4738 4659 4739 
4628 4649 
4649 4696 
4650 
4650 4829 4841 
4651 4722 4723 
4652 4653 4739 
2456 3518 3519 4803 
3518 4669 4921 4922 
3518 
3518 
3518 3751 4930 
2651 3841 
3841 4757 4760 
2586 
2586 
2623 3689 4661 4906 
4643 
3757 4672 
4671 4697 4699 4700 4701 
2634 4674 
4673 4675 4676 
2646 4674 4681 4687 
4674 
4612 4691 4716 
4613 4644 
4614 4779 4743 4781 
4681 4682 4683 
4675 4680 4684 
4680 4685 
4680 4686 
4681 4688 4689 
4682 4717 4688 
4683 4735 
4675 4837 
4684 4685 4717 
4684 4861 4837 
4691 4692 
4677 4690 
4690 4693 4694 4695 
3839 4692 4822 
4692 
4616 4692 
3845 4655 
4672 4698 
4697 4702 4703 
4672 4720 
4672 
4672 
4698 4815 4817 
4698 4821 
2653 4733 
2654 4732 
2629 2635 4708 
2635 
4706 4845 
4710 4711 
4709 4712 
4709 4713 
2589 4710 4790 
4711 4742 
3810 4615 4715 
4714 4754 
4677 4900 
4685 4688 4718 
4717 4719 
4718 
4647 4699 
4647 
4658 
4658 4724 4725 
4723 4742 
4723 
4727 4728 
4726 4729 4730 4731 
4726 4732 4733 
4727 4756 4758 4759 
4727 4764 4775 
4727 4778 
4705 4728 4755 
4704 4728 
2636 4735 
4686 4734 
2636 4737 
2637 4736 4814 
4625 4653 4788 
4653 4659 
3846 3853 
3846 
2590 4713 4724 4743 
4679 4742 
4618 4747 4748 4749 
3762 4618 4750 
4618 
4636 4744 4761 
4744 
4744 4762 
4638 4745 
3810 4752 4753 
4751 
4751 4754 
4715 4753 4782 4773 
4732 
3851 4729 4757 
4666 4756 
4729 
4729 
3853 4666 
4747 
4749 4821 
4764 4765 
4730 4763 4766 4767 4768 4769 4770 4771 
4763 4772 
4764 
4764 4773 4774 
4764 4776 4777 
4764 
4764 
4764 
4765 4804 4805 4806 4807 
4754 4767 
4767 
4730 
4768 4860 
4768 
4731 
4679 4780 
4637 4779 
4679 4851 
4754 
3519 3758 4784 4785 4786 
4783 4801 4828 
4783 4843 
4783 4804 
4637 
4738 
4625 
2589 4712 4794 
2585 2589 4798 
2589 4829 
2589 4797 4838 
4790 
2585 
2585 4799 
2585 4793 4800 
4791 4813 
4796 4858 
4797 
3519 4784 4802 
4801 4810 
3996 4660 
4772 4786 4808 
4772 
4772 
4772 
4804 4859 
4810 4811 4812 
4802 4809 
4809 
4809 
4798 
4737 
4702 4816 
4815 
4702 
2639 4847 4848 4849 4850 
2640 4869 
2640 4871 
4636 4703 4762 
4693 4835 
4626 
4626 
4626 
4627 4629 4827 
4826 
4784 4857 
4657 4792 4830 
4829 
3854 
3854 
4628 
4628 
4822 
2646 
4687 4689 4903 
4793 4839 
4838 
4629 4852 
4657 
3762 4636 
4785 
2629 
4708 
4631 
4818 4866 
4818 4864 4872 4873 4874 
4818 4898 
4818 
4781 
4840 
2641 4889 
2641 4856 4892 
2641 4899 
2642 4854 4881 4886 4887 
4828 4901 
4799 
4808 
4776 
4689 4902 
4863 4864 
4862 4865 
4848 4862 
4863 4879 
4847 4867 
4866 4868 
4867 4879 
4819 4870 
4869 4871 
4820 4870 
4848 4875 4876 4877 4878 
4848 4875 
4848 
4872 4873 
4872 4880 
4872 4888 
4872 4886 
4865 4868 
4876 4881 4882 4883 4884 4885 
4856 4880 
4880 4888 
2643 4880 
4880 
4880 
4856 4878 
4856 4897 
4877 4882 
4853 4890 
4889 4891 
4890 4897 
4854 4893 4894 
4892 
4892 
2644 
2645 
4887 4891 
4849 4899 
4855 4898 
4716 
4857 
4861 
4837 
2456 2457 3996 
3751 4907 4909 
4669 
4905 4908 
4907 4909 
4905 4908 
3771 3871 4911 
4910 
3771 
2457 
3872 4915 4916 
4914 4917 
4914 4918 
4915 4924 4920 4928 
4916 4919 
4918 4920 
4917 4919 
4661 
4661 
3798 
234 3798 4917 
3784 4931 4933 
3893 4936 
3893 
3895 4917 
2631 
4664 
4925 4932 
4931 4934 
4925 
3875 4932 
3873 3875 
1309 4926 
1309 4938 
4937 
1067 4940 
4939 
33 1073 
