410 2765
2 3 4 5 6 7 8 9 10 11 12 13 14 15 16 334 175 176 121 353 378 379 393 407 388 401 370 408 399 
1 3 4 6 9 10 19 393 407 388 401 370 399 
1 2 4 6 7 25 8 10 15 207 393 407 388 401 370 408 
1 2 3 5 6 7 25 8 9 10 11 19 14 28 29 400 389 406 393 407 388 401 370 408 399 409 
1 4 6 7 25 9 10 14 30 393 407 388 401 370 408 399 409 
1 2 3 4 5 7 9 10 19 14 31 176 361 241 207 387 407 388 401 370 408 399 409 
1 3 4 5 6 25 9 10 12 260 393 388 370 399 409 
1 3 4 25 9 11 14 33 75 393 407 388 401 370 399 
1 2 4 5 6 7 8 25 10 11 13 14 15 175 393 388 401 370 408 399 409 
1 2 3 4 5 6 7 9 25 34 35 373 389 407 388 401 370 399 409 
1 4 8 9 36 393 
1 7 58 40 32 59 389 
1 9 36 19 61 58 14 28 33 39 62 56 29 40 41 15 16 35 71 72 73 44 
1 4 5 6 8 9 13 36 19 60 61 58 28 33 39 62 56 29 40 41 34 42 15 16 70 79 80 44 261 242 407 370 
1 3 9 13 14 19 61 33 39 62 56 29 40 42 16 44 120 121 389 
1 13 14 15 19 61 58 28 62 29 40 41 42 85 45 94 
18 20 21 22 23 24 26 27 364 371 
17 20 21 22 23 24 26 27 53 55 122 127 364 371 
2 4 6 13 14 15 16 36 37 38 33 39 42 44 51 45 46 52 48 49 384 372 373 
17 18 21 22 24 77 78 26 27 82 310 346 122 127 364 371 
17 18 20 22 23 24 86 26 27 93 95 364 371 
17 18 20 21 23 24 98 26 127 364 371 
17 18 21 22 24 364 371 
17 18 20 21 22 23 77 98 26 137 93 82 310 122 364 371 
3 4 5 7 8 9 10 32 388 401 408 409 
17 18 20 21 22 24 77 364 
17 18 20 21 53 371 
4 13 14 16 61 58 33 39 62 56 29 40 34 42 35 54 81 120 409 
4 13 14 15 16 28 61 39 62 56 40 41 32 54 242 
5 58 96 59 97 35 54 
6 60 76 70 54 80 100 84 101 89 102 103 370 
12 25 29 38 61 120 121 
8 13 14 15 19 28 36 60 61 58 39 62 56 40 41 34 42 70 83 372 
10 14 28 33 60 58 62 56 42 388 
10 13 28 30 36 58 42 97 71 76 70 54 48 50 378 379 
11 13 14 19 33 35 37 38 39 40 41 42 43 44 45 46 47 48 49 50 121 384 373 378 401 370 
19 36 38 54 370 
19 32 36 37 56 42 54 45 47 57 49 50 382 242 370 
13 14 15 19 28 29 33 36 61 58 62 56 40 41 70 54 67 84 121 384 407 
12 13 14 15 16 28 29 33 36 39 61 58 62 56 41 70 54 
13 14 16 29 33 36 39 40 61 58 62 56 42 
14 15 16 19 28 33 34 35 36 38 41 60 61 58 56 87 44 49 88 50 89 90 91 92 372 
36 62 83 44 46 48 50 379 
13 14 15 19 36 42 43 60 85 70 48 50 120 121 353 
16 19 36 38 60 63 83 99 51 114 46 115 116 52 47 117 118 138 128 67 101 143 125 90 69 144 120 372 
19 36 43 45 83 51 115 52 47 145 84 69 120 372 
36 38 45 46 63 105 107 108 79 99 51 114 115 116 52 129 65 117 118 66 57 138 120 
19 35 36 43 44 60 118 152 50 153 154 121 
19 36 38 42 60 63 80 73 88 50 67 84 89 91 155 156 157 158 159 160 161 162 163 164 165 166 167 168 120 121 
35 36 38 42 43 44 48 49 73 90 169 121 372 
19 45 46 47 60 63 108 110 80 114 115 116 52 129 117 141 118 66 57 138 142 120 
19 45 46 47 51 63 108 80 114 115 116 129 65 117 118 57 138 134 119 120 
18 27 239 245 311 295 296 120 121 
28 29 30 31 35 37 38 39 40 61 62 59 76 85 70 99 353 401 
18 334 236 95 120 121 391 392 395 364 
13 14 15 28 29 33 34 38 39 40 41 42 60 61 58 62 121 
38 47 51 52 63 105 108 79 80 64 99 114 115 116 129 65 117 141 118 66 138 151 119 121 
12 13 14 16 28 30 33 34 35 39 40 41 42 56 60 61 76 70 387 
12 30 54 96 76 70 
14 31 33 34 42 44 45 48 49 51 56 58 61 62 63 64 65 66 67 68 69 120 121 389 
13 14 15 16 28 29 32 33 39 40 41 42 54 56 58 60 62 70 389 407 388 
13 14 15 16 28 29 33 34 39 40 41 43 54 56 60 61 85 120 408 
45 47 49 51 52 57 60 83 104 105 106 107 108 109 79 110 111 112 81 80 113 64 99 114 115 116 65 117 118 66 119 
57 60 63 83 104 106 107 108 79 111 112 81 80 113 99 73 116 65 118 66 138 121 
47 52 57 60 63 64 80 114 115 116 129 117 141 118 138 142 120 121 
47 51 57 60 63 64 114 115 116 129 117 118 134 
39 45 49 60 80 124 134 139 94 181 84 170 101 125 
60 177 139 102 204 90 183 91 184 146 69 103 186 144 205 187 
45 46 60 68 179 150 139 143 102 204 183 184 146 103 185 186 144 205 206 136 188 
14 31 33 35 39 40 44 54 58 59 61 96 71 85 120 121 384 372 378 387 
13 35 70 97 76 73 121 379 
13 80 129 130 100 124 131 132 126 133 134 84 135 136 
13 49 50 64 71 96 76 83 116 139 140 
75 120 121 122 127 
8 74 236 237 120 127 260 261 
31 35 54 58 59 71 73 97 85 120 121 378 387 
20 24 26 86 98 78 
20 77 86 98 
14 47 57 63 64 83 104 106 107 108 109 111 112 81 80 113 99 117 118 119 125 
14 31 49 51 52 57 63 64 65 67 72 79 83 104 105 106 107 108 109 110 111 112 81 113 99 115 116 118 100 128 84 101 353 379 
28 63 64 79 80 83 104 105 106 107 108 109 110 111 112 113 118 379 
20 24 137 333 93 296 121 353 
33 43 45 46 63 64 73 79 80 81 104 105 106 107 108 109 110 111 99 
31 39 46 49 67 72 80 130 177 178 133 134 94 151 170 101 119 214 135 
16 44 54 62 70 76 120 121 
21 77 78 98 
42 
42 49 
31 42 49 132 119 135 140 
42 45 50 68 126 123 143 125 102 204 183 91 160 221 222 223 224 
42 49 68 90 123 181 171 119 217 125 102 183 205 169 154 191 158 160 223 225 226 227 228 229 230 231 
42 206 
21 24 82 137 333 121 
16 67 84 118 203 181 151 128 171 101 204 169 153 386 
21 55 334 121 367 
30 59 70 73 
30 35 71 76 
22 24 77 78 86 175 176 207 208 209 210 122 371 
45 47 54 57 63 64 79 80 83 105 106 107 108 109 110 111 113 115 116 118 139 119 120 121 
31 72 80 130 124 131 133 128 171 170 136 172 155 
31 45 67 80 84 94 177 126 181 170 119 217 183 154 
31 68 69 90 91 204 183 220 103 185 186 144 205 206 187 
31 68 69 102 115 177 179 126 173 139 217 204 183 184 146 220 186 144 205 206 187 135 136 189 190 155 191 192 193 194 156 157 195 158 164 216 199 200 232 233 201 234 235 
63 64 79 80 81 83 105 106 107 108 109 111 112 379 
47 57 63 80 81 83 99 104 106 108 109 110 123 
63 64 79 80 81 83 99 104 105 107 108 109 110 111 112 113 353 
47 63 64 79 80 81 83 99 104 106 108 109 111 112 113 118 379 
47 51 52 57 63 64 79 80 81 83 99 104 105 106 107 109 110 111 112 113 117 124 121 
63 79 80 81 83 99 104 105 106 107 108 110 111 112 113 118 
51 63 80 81 83 99 105 106 108 109 111 112 113 114 115 116 126 
63 64 79 80 81 83 99 104 106 107 108 109 110 112 113 118 379 
63 64 79 80 81 104 106 107 108 109 110 111 113 
63 64 79 80 81 99 106 107 108 109 110 111 112 118 379 
45 47 51 52 57 63 65 66 110 115 116 129 117 141 118 386 
45 46 47 51 52 57 63 65 66 80 99 103 110 114 116 129 117 118 138 142 120 121 
45 47 51 52 57 63 64 65 66 73 80 99 110 114 115 129 117 118 138 142 125 120 
45 47 51 52 57 63 65 66 79 108 114 115 116 129 141 118 142 146 147 148 149 140 120 
45 47 48 51 52 57 63 64 65 66 79 80 81 94 99 107 109 111 113 114 115 116 117 129 141 138 142 132 126 150 133 139 386 
52 57 63 79 84 89 91 99 101 129 131 177 178 179 132 126 150 173 133 123 180 134 139 181 171 204 183 184 146 185 144 206 187 147 
15 28 32 44 45 46 47 49 51 52 53 55 60 62 65 70 74 75 76 85 99 115 116 117 311 334 390 240 129 121 372 207 208 
1 15 32 36 39 44 48 49 50 53 55 56 57 60 64 65 70 71 74 76 82 85 93 95 99 108 115 120 334 175 237 295 176 365 240 129 130 180 143 206 302 382 373 363 353 386 241 261 207 395 
18 20 24 74 98 310 127 395 371 
90 91 105 119 131 177 178 179 132 126 150 173 133 180 139 204 184 136 
67 72 100 108 129 130 131 132 126 173 133 135 174 
45 67 79 90 91 116 143 186 206 
72 90 101 103 110 118 119 123 124 177 178 179 132 150 173 133 180 134 139 204 183 184 185 186 144 205 206 140 
18 20 22 74 75 122 395 371 
45 80 94 100 203 181 151 171 184 169 153 135 
47 51 52 57 65 66 72 114 115 116 117 118 119 120 121 124 141 138 
72 84 100 121 124 131 170 
72 100 119 123 124 130 150 139 135 136 
72 89 118 119 123 124 126 177 178 179 150 173 133 180 134 139 204 184 146 185 186 144 205 206 187 188 
72 84 100 118 119 123 124 126 132 177 178 179 150 173 180 134 139 203 151 171 146 186 144 206 
52 66 67 72 84 119 126 132 133 141 177 178 179 150 173 180 139 181 184 186 144 205 206 
72 84 89 103 124 128 131 150 170 184 206 169 136 188 172 140 156 
69 72 100 103 123 131 135 203 181 188 211 172 164 
24 82 93 333 334 344 345 
45 47 51 52 57 64 65 115 116 118 129 141 
67 68 69 73 99 103 118 119 123 126 131 132 133 134 177 178 179 150 173 180 184 146 144 205 187 
73 89 117 126 135 146 154 157 
51 57 65 114 117 118 129 134 138 
51 65 115 116 117 118 
45 69 90 121 125 217 186 206 153 
45 68 69 102 103 119 126 132 133 134 139 177 179 204 183 184 146 220 185 186 205 206 
46 
68 69 103 117 119 132 133 139 140 144 178 179 204 183 184 220 185 186 205 206 187 154 147 
117 119 146 148 149 
117 147 149 
117 147 148 
69 118 119 123 126 131 132 133 134 135 139 177 178 179 173 180 184 206 
57 84 94 128 133 203 181 171 204 169 153 386 
48 
48 94 128 143 151 203 181 171 169 218 
48 91 101 140 146 169 211 172 
49 100 103 177 182 189 190 191 192 193 194 156 157 195 196 215 249 200 250 232 247 233 248 201 235 
49 103 135 155 177 182 189 190 191 192 193 194 157 195 196 160 198 215 246 200 247 233 165 201 166 253 167 168 
49 103 140 155 156 177 182 189 190 191 192 193 194 195 196 256 215 161 216 199 200 250 232 233 165 201 253 255 167 174 235 222 257 258 
49 91 103 217 192 219 259 159 197 200 232 
49 158 219 259 
49 90 91 156 194 249 251 199 232 248 254 262 255 174 235 263 221 222 264 258 265 223 266 227 267 268 269 270 271 272 273 274 275 276 277 278 279 280 281 282 283 284 285 286 287 288 289 
49 157 177 190 191 193 215 246 162 249 164 216 199 200 250 232 247 233 248 165 201 253 235 264 
49 161 190 193 300 215 246 249 164 216 199 200 250 232 247 233 248 165 201 166 253 254 235 
49 293 294 297 197 198 252 
49 103 136 161 162 177 189 191 194 215 246 249 216 199 200 250 232 247 233 248 165 201 166 253 303 235 
49 156 157 161 162 164 190 192 196 215 246 249 216 199 200 250 232 247 233 248 201 166 253 235 263 
49 156 162 164 165 189 192 193 194 299 246 249 216 199 200 250 232 233 248 201 
49 156 157 294 197 299 300 303 254 262 255 168 174 301 263 
49 156 167 256 198 249 250 303 254 262 255 174 235 264 
50 91 94 128 135 151 153 154 203 181 171 217 
67 84 100 101 130 135 217 
91 94 100 119 128 133 151 153 169 203 181 
100 135 136 154 203 218 211 243 189 
103 119 123 124 126 132 133 134 139 150 178 179 183 206 187 
124 157 160 167 168 189 200 233 248 201 303 254 262 255 308 202 307 
1 9 98 121 334 236 237 176 365 261 207 367 370 
1 6 98 121 175 291 310 334 236 295 361 296 365 380 384 372 385 362 386 241 261 242 207 210 387 388 
68 84 101 103 119 123 126 132 133 134 139 144 150 155 156 157 161 164 178 179 180 181 182 183 184 185 186 187 188 189 190 191 192 193 194 195 196 197 198 199 200 201 202 
84 119 123 126 132 133 134 139 146 150 173 177 179 180 203 204 183 184 185 186 205 187 
69 103 119 123 126 132 133 134 139 144 146 150 173 177 178 180 182 204 183 184 185 205 206 187 188 
119 121 123 126 132 133 134 139 150 177 178 179 203 205 
67 91 94 101 119 128 134 136 151 153 169 171 177 203 183 386 
155 156 157 177 179 206 189 190 191 192 193 215 216 
68 69 90 91 101 102 103 119 126 144 146 173 177 178 179 181 204 184 220 185 186 205 206 187 211 
68 69 103 119 123 126 128 132 134 135 139 144 146 150 177 178 179 183 204 220 185 186 205 206 187 
69 102 119 126 132 144 146 177 178 179 183 184 204 220 186 205 206 
68 69 102 103 125 126 132 133 134 143 144 146 177 178 183 184 185 204 220 205 206 187 188 211 
68 102 103 119 132 139 146 173 177 178 179 183 184 186 204 205 206 
69 132 135 136 177 179 186 197 
103 155 156 157 164 166 172 174 177 182 218 211 190 191 192 193 194 195 196 215 246 216 199 200 247 233 248 235 
103 155 156 157 161 162 165 177 182 189 191 192 193 194 195 196 219 215 246 216 200 232 201 235 
91 103 155 156 157 161 164 177 182 189 190 192 193 194 195 196 197 246 249 200 250 232 247 248 201 
103 155 156 157 158 165 166 177 182 189 190 191 193 194 195 196 219 215 216 251 199 250 232 233 248 201 252 
103 155 156 157 161 162 166 177 182 189 190 191 192 194 195 196 246 216 250 247 201 253 235 
103 155 156 157 160 164 166 177 189 190 191 192 193 195 196 216 199 200 248 254 255 
103 155 156 157 177 189 190 191 192 193 194 196 216 250 232 233 248 
155 156 157 165 177 189 190 191 192 193 194 195 246 200 232 248 201 
158 163 167 177 188 191 297 198 
156 163 168 177 197 293 256 294 297 298 252 
103 157 160 161 162 164 165 166 177 189 192 194 215 246 249 216 200 250 232 247 233 248 201 253 235 202 
103 155 156 157 158 161 162 164 165 166 174 177 189 190 191 194 196 199 219 215 246 249 216 250 232 247 233 248 201 253 255 235 264 
103 155 156 157 161 162 164 165 166 174 177 190 191 192 193 196 199 200 215 246 249 216 250 232 247 233 248 253 235 
174 177 199 255 
94 128 133 136 151 153 169 171 172 178 180 181 204 211 
68 69 90 94 102 103 119 123 126 132 144 146 151 178 179 183 184 185 186 187 203 205 206 
68 69 91 102 103 126 132 134 139 144 146 178 179 180 183 184 185 186 187 204 220 206 
69 92 102 103 119 121 125 126 132 133 134 135 143 144 146 150 173 179 182 183 184 185 186 187 204 205 220 
3 6 98 120 121 175 176 365 380 381 384 353 386 260 241 261 208 209 210 367 392 400 389 
98 120 207 296 240 381 384 344 209 210 367 392 401 370 
98 207 208 396 386 210 367 392 379 
98 176 207 208 209 295 296 386 367 392 
136 154 172 183 186 189 203 218 
213 395 
212 395 
84 217 
155 156 157 161 162 164 165 182 189 190 192 199 200 201 300 246 249 216 250 232 247 233 253 235 
103 157 161 162 164 165 166 182 189 190 192 193 194 195 199 200 201 215 219 246 249 250 232 247 233 248 253 298 303 254 235 
91 101 103 143 158 169 170 214 218 219 
153 172 189 211 217 243 232 244 
158 159 190 192 200 216 217 259 
102 103 144 146 183 184 185 186 205 206 
90 160 255 301 309 222 322 307 
90 157 160 221 300 262 309 322 
90 91 160 257 258 323 325 266 225 270 331 
90 268 269 270 335 332 331 
91 223 257 323 325 266 267 269 229 230 231 
91 266 227 326 267 335 278 230 231 336 337 338 320 339 321 340 341 342 343 
91 160 226 244 325 267 336 
91 263 269 278 281 229 230 231 330 336 328 284 
91 225 228 230 231 330 
91 225 226 228 229 323 325 266 274 278 231 330 336 
91 225 226 228 229 230 281 330 
103 155 157 158 160 161 162 164 165 166 190 191 192 195 196 199 200 201 215 216 218 300 246 249 250 247 233 248 253 244 235 
103 155 156 157 161 162 164 165 166 174 189 192 195 199 200 201 215 216 232 246 249 250 247 248 253 235 
103 
103 155 157 160 161 162 164 165 168 189 190 193 199 200 201 215 216 232 233 246 250 247 248 
55 75 175 176 334 237 295 361 365 240 372 373 363 260 371 
75 121 175 236 334 302 378 379 
239 240 241 242 
53 238 245 
120 121 208 236 238 291 390 381 260 242 367 
6 121 176 207 238 334 295 296 260 261 242 378 379 389 387 399 
14 29 38 176 238 240 241 296 260 261 389 
172 218 
218 227 232 247 298 305 306 
53 239 290 291 292 
156 161 162 164 165 166 189 190 191 193 196 199 200 201 215 216 232 233 235 249 250 247 248 253 
155 156 161 162 164 165 189 191 193 199 200 201 215 216 232 233 235 244 246 299 249 250 248 253 
155 160 161 162 164 165 166 174 189 191 192 194 195 196 199 200 201 216 232 233 235 246 247 300 249 250 255 
155 160 161 162 164 165 166 168 191 199 200 201 215 216 232 233 246 247 248 250 253 
155 157 161 162 164 165 166 168 191 192 193 195 199 200 201 215 216 232 233 235 246 247 248 249 300 253 254 
160 192 304 
163 192 198 293 312 301 263 307 
156 157 161 162 164 165 193 199 200 201 215 216 232 233 246 247 249 250 294 304 
160 162 167 168 174 194 216 250 303 262 255 308 307 
157 160 167 168 174 194 200 202 221 248 254 303 262 308 307 
157 168 198 293 294 
157 223 225 258 323 276 324 285 
157 160 223 257 323 325 266 326 267 327 328 283 284 
158 159 219 
7 75 207 236 240 241 242 382 397 344 261 367 389 387 
14 75 121 175 176 207 241 242 260 353 367 
160 167 168 174 222 254 255 303 308 309 264 
160 165 167 228 252 312 265 313 270 272 284 286 287 314 288 315 316 317 318 319 320 321 
160 161 168 200 262 307 
160 263 313 268 274 286 287 314 288 315 316 317 318 319 320 
160 223 225 226 230 258 323 325 267 269 332 331 330 324 285 
160 225 226 227 258 266 323 326 
160 224 265 269 270 335 332 271 272 329 331 278 281 336 
160 224 225 228 266 268 313 270 335 271 274 329 331 281 282 336 324 
160 223 224 263 268 269 313 335 332 271 329 331 276 277 336 328 324 287 288 317 
160 268 269 270 272 273 274 275 348 276 277 278 279 280 281 349 282 337 289 320 339 350 351 352 342 
160 263 268 271 273 274 278 279 280 281 283 284 314 289 320 352 
160 271 272 274 275 276 277 278 279 280 281 349 282 327 
160 230 265 269 271 272 273 275 348 276 277 278 279 280 281 349 282 328 284 
160 271 273 274 325 332 348 276 277 278 279 280 281 282 
160 257 270 271 273 274 275 277 278 279 280 281 330 349 282 283 
160 270 271 273 274 275 276 326 332 348 278 279 280 281 282 
160 226 228 230 268 271 272 273 274 275 276 277 325 348 279 280 281 282 327 283 
160 271 272 273 274 275 276 277 278 325 348 280 281 349 
160 271 272 273 274 275 276 277 278 279 325 348 281 330 282 
160 228 231 268 269 271 272 273 274 275 276 277 278 279 280 313 326 348 330 349 282 283 337 286 288 315 289 
160 269 271 273 274 275 276 277 278 280 281 
160 258 272 276 278 281 284 286 
160 228 258 263 272 274 283 327 314 319 350 359 347 360 357 
160 257 266 323 325 324 337 342 
160 263 265 281 283 313 324 287 314 288 315 316 317 318 319 320 
160 263 265 270 286 313 338 314 288 315 316 317 318 319 
160 263 265 270 281 286 287 313 337 338 314 315 316 317 319 320 
160 271 272 281 338 320 321 351 352 342 
245 291 292 295 296 
176 240 245 290 292 295 296 302 
245 290 291 296 
163 198 252 256 294 
163 167 198 253 256 293 
53 121 176 210 236 241 290 291 334 361 296 365 302 380 381 382 383 
53 82 176 208 210 241 242 290 291 292 295 334 361 365 345 367 389 383 
163 197 198 
198 216 244 305 
166 167 247 300 301 
162 167 215 222 232 248 250 299 301 
167 221 252 299 300 312 307 
121 237 291 295 
164 167 168 174 216 254 255 262 307 
251 253 
244 298 
244 
174 221 252 254 255 264 301 303 308 
174 254 255 262 307 
221 222 262 322 
20 24 122 176 346 364 371 
53 120 
252 263 301 
263 265 269 270 281 286 287 288 327 314 315 316 317 319 
263 265 272 284 286 287 288 313 336 315 316 317 318 319 320 339 321 359 
263 265 281 286 287 288 313 314 337 338 316 317 318 319 
263 265 286 287 288 313 314 315 337 317 318 319 
263 265 270 286 287 288 313 314 315 316 319 
263 265 286 287 314 315 316 319 
263 265 284 286 287 288 313 314 315 316 317 318 321 
226 263 265 271 272 286 288 289 314 336 337 339 321 359 340 342 
226 263 289 314 319 320 337 338 339 368 354 359 341 342 360 343 357 358 369 366 
221 222 309 
223 225 230 257 258 266 267 285 325 329 330 324 
257 266 269 270 285 286 323 342 
223 225 227 230 258 266 275 278 279 280 285 323 
226 258 267 277 281 
258 273 278 284 313 336 
228 258 270 274 332 329 
268 269 270 323 328 335 336 
228 229 230 231 266 276 280 281 323 336 
223 224 266 268 269 270 335 
224 266 268 270 275 277 328 336 347 
82 93 137 
1 55 95 120 121 137 175 176 236 237 241 295 296 361 362 363 395 
224 226 268 269 270 329 331 
226 227 228 230 268 269 270 314 320 327 329 330 332 350 354 355 342 356 357 358 
226 271 281 285 288 315 316 320 321 338 350 341 360 358 
226 287 288 289 315 321 337 341 342 
226 271 314 320 321 340 342 343 366 
226 320 339 359 
226 321 337 338 359 374 342 347 360 343 357 358 
226 271 285 289 320 321 324 336 338 339 341 374 377 343 358 369 366 
226 321 339 341 342 360 376 357 358 366 
137 208 260 381 396 385 397 362 
137 296 373 391 392 
20 310 364 393 
284 332 341 359 360 376 
271 274 275 277 278 279 280 281 349 
271 273 274 276 279 281 348 
271 284 336 337 
271 289 352 
271 272 289 351 
1 44 54 80 82 106 121 207 261 386 398 
321 336 
336 358 
336 377 360 376 357 
284 321 336 341 343 356 360 358 
321 336 337 341 342 343 355 357 377 
284 314 320 321 340 341 347 
284 321 337 341 343 347 356 357 
6 176 236 295 296 334 365 380 387 388 
176 334 344 396 385 397 
121 236 334 385 373 
17 18 20 21 22 23 24 26 55 310 346 371 
121 175 176 207 236 295 296 361 
321 339 342 343 
95 175 207 208 209 210 240 260 261 296 384 372 385 392 389 
321 
321 342 
1 2 3 4 5 6 7 8 9 10 14 31 36 37 38 175 208 378 389 387 407 388 401 408 399 
17 18 20 21 22 23 24 27 98 122 127 236 310 364 
19 33 42 45 46 50 70 120 176 236 367 384 382 
10 19 36 121 236 345 363 380 381 
341 342 375 376 
374 
343 347 356 374 
342 356 358 
1 35 36 70 76 237 241 370 379 389 
1 35 43 71 80 81 104 107 111 113 209 237 241 378 
176 207 295 361 373 390 394 381 
207 208 240 295 344 373 380 394 
38 121 260 295 372 384 
295 296 
19 36 39 70 176 207 208 367 372 382 392 
176 344 362 363 367 396 397 
94 114 118 121 151 176 181 207 209 210 353 398 
6 58 70 76 176 241 260 361 370 392 400 389 406 407 
1 2 3 4 5 6 7 8 9 10 25 34 61 176 361 370 393 407 401 408 399 409 
4 10 12 15 60 61 207 241 242 260 296 367 370 378 387 392 405 400 406 401 
120 240 380 
55 345 398 402 392 
55 207 208 209 210 345 367 384 387 389 391 403 404 405 
1 2 3 4 5 7 8 9 11 346 388 407 408 399 409 
380 381 
55 121 122 127 212 213 334 
209 344 362 385 397 
260 344 362 385 396 
353 386 391 
1 2 4 5 6 7 8 9 10 241 370 388 393 407 401 408 409 
4 207 387 389 406 407 
1 2 3 4 5 6 8 9 10 25 36 54 208 370 388 389 399 407 408 409 
391 
392 
392 405 
389 392 404 
4 387 389 400 
1 2 3 4 5 6 8 10 14 39 61 370 387 388 393 399 400 401 408 410 409 
1 3 4 5 6 9 25 62 370 388 393 399 401 407 409 
4 5 6 7 9 10 25 28 388 393 399 401 407 408 
407 
