2886 5472
2 2652 1602 1603 
1 1602 1603 
2832 4 5 7 
3 2832 5 7 
3 4 1269 7 8 10 
1741 1130 1151 2377 2378 2330 2332 
3 4 5 8 10 
5 7 2591 10 
17 20 14 65 66 15 67 
5 7 8 2591 
12 1238 1239 
11 1238 1239 
42 
9 
9 17 20 65 66 67 
822 823 
9 15 850 20 65 66 67 
745 1136 2081 813 19 
18 745 1136 
9 15 17 65 66 67 
22 23 27 
21 2535 2801 23 27 
21 22 2535 2801 27 
25 26 456 457 54 458 
24 26 457 54 
24 25 457 54 
21 22 23 2535 2801 
2551 934 
431 30 
29 
1345 
1346 
630 
846 2483 2517 
965 964 43 44 962 963 966 
2383 981 982 45 2515 1833 368 
122 2138 957 
2338 2692 2841 39 40 41 2388 287 
38 1090 1278 1279 40 41 953 
38 39 1090 1278 1279 41 1776 953 
38 39 40 2857 1143 1455 1456 
13 265 2850 2189 2190 1629 780 781 
35 44 
35 43 
36 89 
51 49 
480 2492 
614 
46 51 2513 
205 221 
46 49 
2096 811 812 2472 1809 2722 
2706 1866 1981 1907 454 1767 73 76 
24 25 26 57 58 59 61 70 
1614 2006 700 1502 
233 2396 441 
54 58 
54 57 
54 321 322 323 61 663 664 397 
500 1920 1415 62 
54 59 321 322 323 663 664 397 
60 500 1920 1415 
750 64 
63 2550 1298 2337 1589 
9 15 17 20 66 67 
9 15 17 20 65 67 
9 15 17 20 65 66 
371 2867 2001 2002 125 126 1823 
1540 1476 1898 2258 2259 90 
54 2127 2657 2155 1335 1276 1277 1474 862 1122 1133 
507 1051 2582 1773 1775 1776 72 74 
71 507 1051 2582 1773 1775 1776 74 
53 1866 1981 1907 454 1767 76 
71 72 
1791 177 178 77 78 79 
53 73 1866 1981 1907 454 1767 
75 1791 78 2336 79 
75 77 1791 1231 79 
75 77 78 2062 
1084 
82 88 87 
81 
2610 1132 
232 773 
2503 86 
85 2503 
81 88 2707 2711 2709 1041 2283 
81 87 
45 
69 
2674 2675 92 93 94 95 
91 2674 2675 93 94 95 
91 92 2674 2675 94 95 
91 92 93 2674 2675 95 
91 92 93 94 2674 2675 
2728 
858 859 
1011 
230 1322 1163 
1688 
239 241 243 
2591 1557 188 
2271 104 1384 107 108 
103 410 107 108 
2386 2388 2390 
107 108 109 267 
103 104 106 110 111 108 109 
103 104 106 107 856 109 
106 107 108 138 
107 111 1698 1699 
107 110 1698 1699 
1662 2123 2124 113 114 115 116 117 
112 2759 117 
112 2123 2124 2762 115 116 
112 114 116 
112 114 115 
112 113 1663 2755 174 175 176 763 
1662 1663 1525 2755 2759 2760 2761 2762 
290 699 251 700 
1407 121 
120 
37 129 1812 558 
462 463 130 131 1812 
1651 1948 200 
68 126 127 
68 125 127 
125 126 
1569 662 
122 1812 558 1570 
123 462 463 131 
123 130 462 463 
1980 
1980 1328 
1360 1566 1980 2730 135 136 
134 1360 1566 1980 2730 136 
134 135 1360 1566 1980 2730 
2842 2843 1915 1383 889 604 885 
109 
1236 157 1292 
2501 
745 251 
1179 1954 1220 153 
901 1349 1694 1695 
145 
144 1316 2756 
1081 
1223 
1223 2841 1750 
1258 1259 826 1260 1261 150 
149 1258 1259 826 1260 1261 
1902 
1682 2549 2285 
142 2816 
716 1299 155 156 
154 716 1300 156 
154 155 716 1300 
139 1373 1689 1297 1718 
1355 1647 162 185 
212 2810 
2607 2608 161 
160 2607 2608 270 
158 1355 1647 
1458 2718 165 166 1576 
1851 1852 1853 
163 166 
163 165 
168 169 170 171 172 
167 169 170 171 172 
167 168 1085 170 
167 168 169 1085 
167 168 1085 1577 1579 2792 2793 1643 1644 172 
167 168 171 1085 1577 1579 2792 2793 1643 1644 
2492 
117 1525 2755 175 176 
117 174 2755 176 
117 174 175 2755 
75 1334 1337 1365 178 
75 177 1334 1337 1365 
2846 1167 1843 180 182 
179 2846 1167 1843 182 
1688 348 349 
179 180 2846 1167 1843 
1811 1167 
439 2203 
158 
307 
657 
102 347 
1433 1443 2528 1237 190 1836 2529 215 216 
189 1433 1443 1237 215 216 
193 383 230 392 
1051 
191 194 195 199 
193 195 199 
193 194 199 205 206 
197 198 
196 1443 198 215 216 
196 197 
193 194 195 
124 1443 1651 1948 2579 215 216 242 
1758 1759 466 467 202 203 204 
201 1758 1759 466 467 203 204 
201 202 1758 1759 466 467 204 
201 202 203 1758 1759 466 467 
50 195 
195 
211 2202 
2407 2408 2409 209 
208 2407 2408 2409 
2448 2450 2502 2036 221 
207 2204 2205 2206 
159 1115 446 2838 213 214 222 223 
212 214 222 223 
212 213 453 1607 222 223 1287 
189 190 197 200 1443 216 
189 190 197 200 215 1443 
2268 
243 2739 219 
218 243 2739 
1497 
50 210 797 224 
212 213 214 223 
212 213 214 222 436 
221 
1979 
229 234 227 1704 1705 1706 1707 
226 229 234 1704 1705 1706 1707 
230 231 232 233 
226 227 234 
99 191 228 383 392 231 232 233 
228 230 232 
84 228 230 231 911 773 1012 1013 1014 
56 228 230 
226 227 229 
1184 2255 
719 727 
1674 1057 1053 2731 
1735 2513 
101 2277 241 1050 
242 
101 239 2277 1050 
200 240 
101 218 219 
760 1787 817 
2302 2303 2535 2664 247 255 253 254 257 258 
2468 249 1106 1108 978 
245 2535 2664 255 253 254 2650 2651 257 
1290 1447 250 252 256 
246 2744 978 
248 617 252 1716 
119 141 699 700 
248 250 2478 
245 247 2686 2687 1544 2648 2649 254 2650 2651 
245 247 253 2686 2687 1544 2648 2649 2650 2651 
245 247 1084 2664 
248 1959 2212 263 
245 247 
245 
985 1790 
2430 2201 
1017 1076 
1114 1817 1818 1281 
256 264 
263 1748 
42 2273 2295 266 
265 
106 
1236 1532 2082 
1268 1506 623 
161 2204 271 
270 2204 
2196 2197 362 363 364 2114 2115 2116 2117 
274 282 
273 285 
1323 2839 1631 1632 
1042 491 1631 1632 283 
278 
277 281 
520 521 522 
450 282 285 
278 665 666 
273 280 450 285 
276 1010 1631 284 
283 2428 2620 
274 280 282 450 
2777 562 
38 1663 2390 2841 1030 638 
1118 1119 2270 
1023 616 
119 2191 2192 
2875 
1049 1528 2584 
1831 2218 294 295 296 297 298 299 300 301 302 
293 1019 2218 400 2883 2884 295 296 
293 294 1019 2218 296 
293 294 295 1019 2218 
293 2218 298 
293 297 2218 
293 2218 
293 2218 
293 2218 
293 2218 
1948 640 
306 
1065 1126 2835 
304 2440 
186 2796 
1643 1644 312 
809 876 313 314 
2697 527 311 318 
310 2697 527 318 
308 1643 1644 
309 809 876 314 
309 313 809 876 
940 
1512 1513 317 319 
316 1512 1513 319 
310 311 2697 
316 317 
2822 2844 2849 621 
59 61 322 323 
59 61 321 323 
59 61 321 322 
1040 325 1201 1679 
324 2266 1679 
1813 1814 2226 
1512 1513 365 328 
327 1512 1513 365 
764 
2527 331 332 
330 2527 332 
330 331 2527 
1461 
1925 2092 
785 2763 
2499 
2469 891 2055 
339 1405 1406 1909 
338 1405 1406 
2469 
342 
341 1100 1834 
1138 
1304 1839 2638 1067 
346 2578 2583 
345 2578 2583 
188 
181 349 
181 348 2108 2172 1794 1795 1796 875 
1516 2821 789 351 
350 1516 2821 791 
1072 1075 
1681 
2826 2827 355 356 2836 
354 800 356 701 883 
354 355 800 701 884 
919 
2875 2467 
360 
359 500 
657 861 
272 363 364 2114 2115 
272 362 364 2114 2115 
272 362 363 2114 2115 
327 328 
1484 367 1837 
366 1485 
36 
1430 1431 544 
2301 2307 2304 2305 2306 2324 2325 
68 2816 2867 
2304 2305 379 380 
1082 1083 374 376 
373 1082 1083 376 
1245 
373 374 1082 1083 
900 847 912 2410 1392 
1082 1083 
372 2304 2305 380 
372 379 2304 2305 
2380 900 1869 581 
2154 443 
191 230 392 1418 1419 
900 
896 897 
387 388 390 393 
386 388 390 393 
386 387 2879 2880 2881 2882 1343 1344 390 393 555 
1123 
386 387 388 2879 2880 2881 2882 1343 1344 393 555 
394 2633 2634 2635 399 
191 230 383 
386 387 388 390 2879 2880 2881 2882 1343 1344 555 
391 2595 2596 559 560 561 969 399 757 2034 2035 
2304 2305 2311 2312 2313 2314 
2304 2305 2326 2327 2328 
59 61 
909 2414 2415 2416 
391 394 968 
294 2883 2884 
1885 
741 2134 403 404 405 406 407 
402 741 2134 404 405 406 407 
402 403 741 2134 405 406 407 
402 403 404 741 2134 406 407 
402 403 404 405 741 2134 407 
402 403 404 405 406 741 2134 
1359 1360 1232 
1359 1360 2672 2673 
104 411 
410 
1026 413 
412 1026 
415 416 417 418 420 421 422 425 
414 416 417 418 420 421 422 425 
414 415 417 423 424 
414 415 416 423 424 
414 415 420 421 422 425 
1664 
414 415 418 421 422 425 
414 415 418 420 422 425 
414 415 418 420 421 425 
416 417 2663 2665 424 1258 1259 
416 417 423 2663 2665 1258 1259 
414 415 418 420 421 422 
2400 
1639 
883 1285 2862 
2791 
1062 
29 2603 2533 1561 
1553 
2189 2190 780 781 1629 438 
435 440 
434 440 
223 1819 1820 2120 440 
2240 440 
433 2189 2190 780 781 1629 
184 848 
434 435 436 437 2224 2240 
56 2396 1014 
2002 779 930 
382 2154 
668 
2101 782 
212 2838 
1547 2354 2355 
2174 455 1357 
960 928 1666 
280 282 285 2095 2097 2371 
1339 941 452 
451 1339 916 946 
214 1607 
53 73 76 1907 
448 
24 457 458 
24 25 26 456 458 
24 456 457 1335 
1886 
2004 
860 2411 
123 130 131 463 
123 130 131 462 
1613 1616 1690 1691 722 721 465 
464 1613 1616 1690 1691 722 721 
201 202 203 204 1613 1616 1206 1207 467 1704 1705 1587 1588 
201 202 203 204 466 1613 1616 1206 1207 1704 1705 1587 1588 
1717 
470 471 472 
469 471 472 
469 470 1206 1207 472 
469 470 471 1206 1207 
775 776 777 474 
473 475 476 
474 476 
474 475 799 1252 2195 
1620 
479 481 
478 
47 1685 
478 1999 
1484 1485 1685 483 
482 1484 1485 1685 
1488 1523 2738 2394 2395 
486 487 926 
485 487 926 
485 486 926 
2771 1115 490 
521 2609 2765 2766 490 
488 489 
276 588 602 603 605 606 987 
829 
500 494 495 496 497 498 499 
493 500 495 496 497 498 499 
493 494 500 496 497 498 499 
493 494 495 500 497 498 499 
493 494 495 496 500 498 499 
493 494 495 496 497 500 499 
493 494 495 496 497 498 500 
60 62 360 493 494 495 496 497 498 499 1415 1920 
506 509 510 
1720 999 503 504 507 513 
502 504 507 513 
502 503 507 513 
1152 
501 508 1225 
71 72 502 503 504 762 513 
506 625 
501 511 
501 
509 
514 516 1631 
502 503 504 507 
512 516 1632 
714 864 865 2830 847 518 
512 514 1632 
864 
515 714 784 804 
864 865 
279 825 830 849 521 522 1952 
279 489 520 825 830 849 522 1952 
279 520 521 825 830 849 1952 
1501 865 
2101 2086 
1010 526 
525 1010 
310 311 1550 
2277 614 
1470 
679 1820 2863 
720 
2499 533 
532 1192 1193 
1792 536 
539 538 541 542 543 
534 1581 1601 1043 
1792 1793 1693 1827 
535 2768 2801 2805 2811 2819 
535 541 542 543 
2322 2323 
535 539 542 
535 539 541 
535 539 
369 545 546 
544 546 
544 545 
1336 1340 1356 2340 
815 1280 552 1366 
1340 1356 
2692 1478 
734 735 
548 2123 2124 1366 
2881 2882 554 555 
553 2881 2882 555 
388 390 393 553 554 597 598 
2448 
558 
122 129 557 
394 2046 560 561 
394 559 2046 561 
394 559 560 2046 
286 2422 
1096 2516 564 
563 1097 2516 
2752 570 
567 568 2056 2272 569 
566 568 571 569 
566 567 571 569 
566 567 568 2056 2272 
565 2752 2282 
567 568 
1085 1577 1579 573 
572 1085 1577 1579 
575 576 577 578 579 580 581 582 583 584 585 586 587 
574 576 577 578 579 580 581 582 583 584 585 586 587 
574 575 618 935 
574 575 578 579 
574 575 577 579 
574 575 577 578 
574 575 581 
381 574 575 580 2380 1869 
574 575 583 
574 575 582 
574 575 
574 575 
574 575 
574 575 
491 987 602 603 
1671 
591 
590 593 
1074 2403 593 
591 592 1074 2020 2403 2404 
595 604 
594 604 
1884 
555 2881 2882 598 
555 597 2881 2882 
2202 2769 
1956 2438 1461 1465 
947 
491 588 2716 987 603 605 606 
491 588 602 987 605 606 
137 594 595 2842 2843 
491 602 603 606 
491 602 603 605 
2202 1896 2844 1897 608 2770 2772 2393 2764 
607 2202 1896 2844 1897 2770 2772 2393 2764 
1885 
1330 1988 611 
610 
1183 
697 698 1301 711 614 
48 528 613 1420 697 698 1301 1470 711 
2179 2180 2181 2258 2259 
289 
250 1716 
576 748 
1824 
1824 
320 
2782 2783 1475 
269 1506 
1170 
508 
1232 
2499 
1412 1413 708 709 
2503 2422 2743 
33 2535 1549 2254 1075 1913 
632 633 1753 1754 
631 633 1753 1754 
631 632 1755 1756 1757 1758 1759 1753 1754 
889 2509 2510 2512 
889 636 
635 889 
948 1327 806 807 
287 
641 642 644 643 645 
303 650 651 652 653 654 655 
639 642 644 645 
639 641 2682 2683 2560 2561 1806 1807 644 
639 2848 2677 
639 641 642 2682 2683 2560 2561 1806 1807 
639 641 2560 2561 2666 2667 1806 1807 
1309 
1444 1445 2356 2358 2362 
1612 2241 1789 718 656 
1306 1952 
640 651 652 653 654 655 
640 650 652 653 654 655 
640 650 651 653 654 655 
640 650 651 652 654 655 
640 650 651 652 653 655 
640 650 651 652 653 654 
648 1789 2041 
187 361 1765 1766 2641 861 766 765 
1690 1691 1696 1697 
1788 2239 810 
2137 2458 1768 2797 2798 661 1822 
660 2137 2458 1768 2797 2798 1822 
128 
59 61 664 
59 61 663 
281 2377 666 
281 665 2378 
1069 
444 1528 2449 669 670 671 
668 670 1060 
668 669 1061 
668 2679 
1751 
1919 1922 691 692 
1003 
676 
675 2737 2507 2508 2770 2772 
2426 2066 2067 2047 1235 1962 
1809 680 681 
530 
678 1809 681 
678 680 1809 
2396 
2059 2060 2185 1604 1605 684 685 686 
683 2059 2060 2185 1604 1605 685 686 
683 684 2058 2059 2060 2185 1604 1605 686 
683 684 685 2057 2059 2060 2185 840 1436 
2187 
2188 1243 689 690 
688 2188 1243 690 
688 689 2188 1243 
673 1550 1198 
673 1550 1198 
694 1512 1513 
693 1512 1513 
1662 1663 696 
695 1662 1663 
613 614 763 761 972 973 2170 2171 698 1301 
613 614 697 763 761 972 973 2170 2171 1301 
119 251 1015 
55 119 251 2757 1502 
355 356 800 702 1487 
701 
997 2333 704 706 
703 997 2333 706 
1152 1423 
703 704 2333 
1622 2876 
628 1341 1342 709 1347 1348 1350 1351 1352 1353 1354 
628 708 1341 1342 1347 1348 1350 1351 1352 1353 1354 
2470 1164 
613 614 1301 
713 714 
712 714 
515 518 712 713 
1622 1623 
154 155 156 1300 
720 
648 2045 
236 1116 727 977 
531 717 2271 2286 1264 2885 
464 465 1137 1139 1140 1141 722 
464 465 721 1137 1139 1140 1141 
1374 1375 1376 726 
727 728 
1750 
723 1374 1375 1376 
236 719 724 1917 2800 1967 728 
724 727 1498 
1374 1375 1376 730 
729 1374 1375 1376 2795 2870 
1936 
1037 
2112 
551 2384 735 
551 734 
1390 1944 737 
736 1390 1944 
1037 1382 
1062 1033 1034 765 2061 1508 
743 742 744 
402 403 404 405 406 407 2583 2134 
740 743 745 
740 742 
740 746 
18 19 141 742 1136 1079 
744 
748 750 
618 747 750 756 
753 754 
63 747 748 
752 
751 1488 899 
749 1911 754 756 
749 753 
2442 
748 753 
394 1585 969 2034 
1094 844 845 
1482 831 2689 1955 1717 1723 1724 1725 1726 
244 2845 827 817 1870 
697 698 2170 2171 972 973 
507 2582 1773 1774 936 
117 697 698 2175 
329 2641 
657 739 766 
657 765 
2175 1294 
2243 2244 769 770 771 
768 2243 2244 770 771 
768 769 2243 2244 771 
768 769 770 2243 2244 
2243 2244 
84 232 
1138 
473 776 777 
473 775 777 
473 775 776 1835 
910 1618 2230 
442 1082 1083 
42 433 438 2189 2190 1629 781 835 836 837 833 
42 433 438 780 2189 2190 1629 835 836 837 833 
445 1107 2086 783 
782 
518 
335 2763 967 902 
930 
2779 1962 930 
1936 
350 1491 790 791 
789 2732 1491 791 
351 789 790 1491 
2825 1491 1938 1939 793 2182 2183 2184 
792 2825 1491 1938 1939 2182 2183 2184 
1810 795 796 
794 1810 796 
794 795 1810 
221 2043 
930 
476 2412 
355 356 701 
1671 2387 
1960 2829 981 803 1921 
802 1961 2829 982 1921 
518 
928 1634 808 996 
637 948 1327 807 
637 806 948 1327 1574 
805 
309 313 314 1060 1061 876 
659 2447 
52 812 
52 811 2096 2472 
18 2231 2020 
1253 1254 1257 1500 1503 
548 1171 1280 1282 1285 
818 819 822 1225 
244 760 1803 
816 819 822 1225 
816 818 1407 822 1225 
821 822 
820 822 
16 816 818 819 820 821 823 828 
16 822 1749 838 1750 824 
823 1032 1454 
520 521 522 848 830 849 851 852 853 855 
149 150 1253 1254 1260 1261 
760 1870 
822 
492 848 
520 521 522 825 849 
759 1721 1722 832 
831 2087 1162 
780 781 835 836 837 
2618 
780 781 833 836 837 
780 781 833 835 837 
780 781 833 835 836 
823 2264 1750 
856 
686 2059 2060 841 
840 
2598 
2598 2610 
758 845 1241 
758 844 905 1241 
34 
377 515 2830 850 
439 825 829 855 
520 521 522 825 830 851 852 853 
17 847 896 
825 849 852 853 2262 1043 
825 849 851 853 2262 1043 
825 849 851 852 
2747 2748 2749 2750 2751 857 
825 848 
108 839 858 859 
854 
97 856 859 
97 856 858 
461 863 1828 2845 1659 867 1829 1830 870 1832 
361 657 2831 
70 1474 
860 1828 2845 1659 867 1829 1830 1893 870 2062 1832 1894 
515 517 519 865 
515 519 523 864 1501 
2070 
860 863 1653 1654 1655 1656 1658 1659 1662 1663 872 
2850 2724 878 869 
868 2724 878 
860 863 871 
870 
867 1829 1830 
877 
2582 1481 
349 2563 2108 2172 1794 1795 1796 
309 313 314 809 
873 2079 1639 
868 869 2691 2724 1786 
2630 
1633 1975 1976 
884 
2503 
355 428 884 2862 1285 
356 881 883 
137 924 
1232 1779 
900 
1880 890 891 1170 
137 634 635 636 
888 1880 891 1170 
337 888 890 1880 1170 
1032 893 
892 1032 
1960 1961 895 898 
894 1960 1961 898 
385 850 897 
385 896 
894 895 1960 1961 
752 1488 1434 
377 381 384 887 912 2020 
143 1694 1695 1349 
785 1498 959 967 
907 910 906 908 
905 2572 2573 
845 904 2572 2573 914 
903 907 910 1530 
903 906 910 908 
903 907 910 
398 2414 2415 2416 919 
778 903 906 907 908 1771 1618 
232 2442 2513 2514 2515 2516 2517 
377 900 2410 
2357 1574 
905 
916 
452 915 
1433 918 
917 
357 909 1923 1621 920 921 922 
919 1805 1621 1873 2775 2776 937 921 922 1414 
919 920 1805 1621 1873 2775 2776 937 922 1414 
919 920 921 1805 1621 1873 2775 2776 937 1414 
924 
885 923 
2278 2279 
485 486 487 2278 2279 
2278 2279 
449 805 1821 
1780 
442 786 787 798 1831 
1088 
2782 2783 2068 2167 2133 
1780 
28 2551 
576 
762 1047 2050 
920 921 922 1621 
2006 980 939 
938 2006 980 
315 2383 1924 1615 
451 946 
943 944 2580 2581 952 971 
942 944 945 1801 950 951 956 952 
942 943 951 956 952 
943 1801 950 
452 941 
601 1073 948 949 
637 806 807 947 949 1327 
947 948 
943 945 1801 
943 944 956 958 
942 943 944 2580 2581 971 
39 40 2201 2198 
2756 955 1917 
954 2756 1917 
943 944 951 958 
37 
951 956 1846 2329 2331 2333 
902 961 
449 1666 
959 
35 2423 963 
35 962 2423 
35 965 966 
35 964 966 
35 964 965 2104 1385 
785 902 
399 2224 
394 757 2595 2596 2034 2035 
1114 2730 2828 
942 952 2364 2431 
697 698 761 2170 2171 973 
697 698 761 972 2170 2171 974 975 
973 975 
973 974 
2278 2279 
719 
246 249 
1288 1017 1076 1080 1081 1088 
938 939 
36 802 982 
36 803 981 
1016 
2818 1790 985 
259 984 2818 
2493 2494 2497 
491 588 602 603 
1028 
990 991 992 993 994 995 997 998 
989 991 992 993 994 995 997 998 
989 990 1658 992 993 994 995 997 998 
989 990 991 993 994 995 997 998 
989 990 991 992 994 995 999 997 998 
989 990 991 992 993 995 999 997 998 
989 990 991 992 993 994 997 998 
805 1634 
703 704 989 990 991 992 993 994 995 2427 2505 2506 998 
989 990 991 992 993 994 995 997 2427 2505 2506 
502 993 994 1720 
1051 1003 1005 1006 1007 
2786 2787 1004 1009 1002 1008 
1001 2786 2787 1004 1009 1008 
674 1000 2597 1005 1006 
1001 1002 1009 
1000 1003 1051 1006 
1000 1003 1005 1051 
1000 2640 2300 
1001 1002 
1001 1002 1004 
283 525 526 1631 
98 1014 
232 2396 1013 1014 
232 1012 2396 1014 
232 441 1011 1012 1013 2396 
699 
983 1595 1838 
261 979 1076 
1019 
294 295 296 1018 
1040 1021 1024 
1020 1024 
1023 
289 1022 1837 
1020 1021 
2267 1026 
412 413 1025 2542 2544 2565 
2083 2084 2085 
988 1301 1891 
1599 
287 2217 
1032 1886 
824 892 893 1031 1886 
739 2061 
739 1185 1186 1188 
1037 1036 2007 
1035 1037 1065 1066 
732 738 1035 1036 2136 
2191 2192 
1430 1431 
324 1020 2419 1752 2417 2418 
87 1046 
276 1048 1310 
536 851 852 2262 
1904 1045 
1044 1904 
1041 
936 2050 1069 1070 1071 
1042 
292 1528 2365 2352 2339 
239 241 1391 
71 72 192 1000 1005 1006 
2754 2499 
237 
1904 
1056 1278 
1055 1279 
237 2731 2008 2009 2010 
1887 2660 1825 
2392 2499 1606 
669 809 1061 
670 809 1060 
430 739 
2394 1250 1064 
1063 2395 1250 
305 1036 1126 2835 1066 
1036 1065 
344 1304 1999 2638 
1320 
667 1047 1070 1071 
1047 1069 1514 1515 1071 
1047 1069 1070 1515 
352 
947 
592 593 
352 630 
261 979 1017 2021 2022 2429 2435 1994 2436 
1717 
1079 
745 1078 1978 2425 
979 
146 979 
373 374 376 378 779 1545 2566 1083 2521 
373 374 376 378 779 1082 1545 2566 2521 
80 255 2664 
169 170 171 172 572 573 1086 2196 2197 
1085 2196 2197 
2082 
931 979 2278 2279 1281 2577 
2450 
39 40 1877 1882 1892 
1092 1117 
1091 
2768 1421 2149 
758 
2831 1099 1100 1105 2246 
563 1560 1097 
564 1096 1560 
2852 2853 2825 
1095 1100 1105 
342 1095 1099 2057 1105 1436 
1103 1102 2694 2693 1104 2738 2743 
1101 1103 1689 2694 2693 1104 2743 
1101 1102 2694 2693 1104 2743 
1101 1102 1103 2694 2693 2738 2743 
1095 1099 1100 2832 
246 2746 1909 2443 1108 1804 
782 2818 1899 
246 1106 2746 1909 2443 1804 
1114 
1111 1112 1113 2722 
1110 1112 1113 2722 
1110 1111 1113 2722 
1110 1111 1112 2722 
262 970 1109 1817 1818 2828 
212 488 1666 1667 
719 1361 
1091 2407 2408 2409 1971 1127 1128 
288 1119 
288 1118 
1125 1126 1121 1123 1124 
1120 
70 2139 1133 
389 1120 1609 1610 
1120 2787 
1120 1126 
305 1065 1120 1125 2835 
1117 1971 2722 1128 
1117 1127 1971 1131 
2003 2543 1144 
6 1132 2357 1675 1135 1676 1677 1678 1456 
1128 
83 1130 1151 1135 1676 1677 1678 1456 
70 1122 
1143 1135 1455 2631 
1130 1132 1134 1455 
18 19 745 
721 722 1139 1140 1141 
343 774 2504 2236 2105 2106 
721 722 1137 1140 1141 
721 722 1137 1139 1141 
721 722 1137 1139 1140 
1143 
41 1134 1142 2631 
1129 1883 2003 2004 2543 
2376 
2403 
1741 1148 1149 
1147 1741 1151 1149 
1147 1148 
2746 2752 2282 
6 1132 1148 2330 2332 2377 2378 
505 705 2370 2371 2539 
2652 1154 1155 1315 
1153 1155 2377 1315 
1153 1154 2378 1315 
1157 1158 1159 1160 1161 
1156 1158 1159 1160 1161 
1156 1157 1159 1160 1161 
1156 1157 1158 1160 1161 
1156 1157 1158 1159 1161 
1156 1157 1158 1159 1160 1162 
832 1161 
99 
710 2470 
2343 
2746 2284 
179 180 182 183 2846 1843 
1636 
1810 2299 
624 888 890 891 1233 1234 
815 
1190 2411 2102 2103 2413 
1312 1313 
1177 1178 1179 
2680 1176 
1175 2680 
1174 1178 1179 
1174 1177 1179 
142 1174 1177 1178 1954 
1229 1181 1182 
1180 1229 1235 1182 1742 
1180 1181 1229 1921 
612 2636 2637 
235 2617 2618 
1034 1780 1186 1188 
1034 1185 1188 
2885 1191 
1034 1185 1186 2308 2315 2316 
1190 1199 
1172 1189 1810 
1187 2885 
533 1193 1194 2082 
533 1192 1194 2082 
1192 1193 
1196 
1195 2701 
1638 
691 692 1550 1964 1965 2238 
1189 
1480 1203 1204 
324 2169 1202 
1201 2266 2169 
1200 1480 1204 
1200 1203 1480 
2168 
466 467 471 472 1753 1754 2872 2873 1207 1208 1209 1210 1212 1213 
466 467 471 472 1206 1753 1754 2872 2873 1208 1209 1210 1212 1213 
1206 1207 1209 2540 2541 2545 2546 2547 
1206 1207 1208 2540 2541 2545 2546 2547 
1206 1207 1212 2548 
1511 1504 1510 
1206 1207 1210 2548 
1206 1207 2866 2538 
1215 1330 1221 1222 1224 
1214 1221 1222 1224 
1750 
1750 
1750 
2606 
142 1223 
1214 1215 1222 1224 1446 
1214 1215 1221 1224 1446 
147 148 1220 
1214 1215 1221 1222 1446 
506 816 818 819 2112 
1227 1797 1798 1231 
1226 1797 1798 
2052 2441 1230 1886 
1180 1181 1182 
1228 2052 2441 
78 1226 
408 626 886 
1170 1234 
1170 1233 
677 1181 2066 2067 2047 
139 268 1532 1292 2082 
189 190 2265 2266 
11 12 1341 1342 1239 
11 12 1238 1341 1342 
1858 1491 
844 845 2231 1242 
1241 
688 689 690 2188 2642 2643 2823 
2443 1448 1449 1450 2564 1451 1286 2791 2341 1453 
375 2376 
1247 1248 1249 
1246 1248 1249 2399 
1246 1247 1249 
1246 1247 1248 
1063 1064 1437 2196 2197 
2562 
476 2195 2353 
814 826 1254 1255 1256 1257 1258 1259 1260 1261 
814 826 1253 1255 1256 1257 1258 1259 1260 1261 
1253 1254 1256 1500 1503 
1253 1254 1255 1500 1503 
814 1253 1254 1500 1503 
149 150 423 424 1253 1254 1259 1500 1503 
149 150 423 424 1253 1254 1258 1500 1503 
149 150 826 1253 1254 1261 
149 150 826 1253 1254 1260 
1263 1275 
1262 1275 
720 2271 2286 
2271 2286 2295 
1267 1270 1272 1273 1274 
1266 1270 1272 1273 1274 
269 1269 
5 1268 
1266 1267 1272 1273 1274 
1275 1527 2063 
1266 1267 1270 1273 1274 
1266 1267 1270 1272 1274 2063 
1266 1267 1270 1272 1273 2063 
1262 1263 1271 1527 
70 2734 1277 
70 1276 
39 40 1055 1279 
39 40 1056 1278 
548 815 
262 1088 
815 
1284 1960 
1283 1961 
428 815 883 1566 
1244 2697 
214 2109 
979 1289 1291 1293 
1288 1562 2083 1563 2084 1564 1291 
248 1447 1295 1296 
1288 1289 1562 2083 1563 2084 1564 
139 1236 
1288 1817 1818 
767 
1290 1296 
1290 1295 2473 
157 
64 2337 
154 1943 1836 2529 2347 2348 2349 1300 
155 156 716 1299 1943 1836 2529 
613 614 697 698 711 1028 
1943 1303 1317 
1302 1943 1317 
344 1067 1945 2638 1309 1839 
2618 1307 
649 1952 
1305 
2368 
646 1304 1945 
1042 1578 1467 2774 
2652 1314 
1173 2412 
1173 
1311 2092 
1153 1154 1155 
145 
1302 1303 
1319 
1318 1870 2570 1427 1428 1429 
1068 1784 1530 1859 
1624 1682 
99 2460 
275 2875 2839 1329 
2636 2637 
2225 1326 
1325 2225 
637 806 807 948 
133 
1323 
610 1214 
1805 2655 2656 
2854 
1334 1608 
177 178 1333 1535 
70 458 
547 2340 1377 
177 178 2700 
1339 
451 452 1338 2198 1363 
547 549 1356 2865 
708 709 1238 1239 1412 1413 1900 2778 1342 1343 1344 1345 1346 
708 709 1238 1239 1341 1412 1413 1900 2778 1343 1344 1345 1346 
388 390 393 1341 1342 1348 1350 1351 1344 2280 2281 
388 390 393 1341 1342 1343 1348 1350 1351 2280 2281 
31 1341 1342 
32 1341 1342 
708 709 1412 1413 
708 709 1343 1344 2667 2681 2881 2882 1350 1351 2745 
143 901 1694 1695 2870 1381 
708 709 1343 1344 1348 2681 2881 2882 1351 2745 
708 709 1343 1344 1348 1350 2681 2881 2882 2745 
708 709 1412 1413 1353 
708 709 1352 1412 1413 
708 709 1412 1413 
158 162 1377 1647 
547 549 1340 2865 
448 2174 
2842 1378 
408 409 1360 
134 135 136 408 409 1359 
1116 
2819 1556 1379 1380 
1339 
1365 1367 
177 178 1364 1367 
548 552 
1364 1365 
1369 1370 1372 1371 
1368 1370 1372 1371 
1368 1369 1372 1371 
1368 1369 1370 1372 2138 2151 2695 
1368 1369 1370 1371 
157 
723 726 729 730 1375 1376 
723 726 729 730 1374 1376 
723 726 729 730 1374 1375 
1336 1355 1681 
1358 
1362 1380 
1362 1379 
1349 2870 
738 
137 2174 
103 
966 2104 
1780 1387 
1386 1780 
1389 2724 
1388 2724 
736 737 
1050 
377 
1394 1395 1396 1397 1398 1399 1400 
1393 1395 1396 1397 1398 1399 1400 
1393 1394 2227 1396 1397 1398 1399 1400 2369 
1393 1394 1395 1397 1398 1399 1400 
1393 1394 1395 1396 1398 1399 1400 
1393 1394 1395 1396 1397 1399 1400 
1393 1394 1395 1396 1397 1398 1400 
1393 1394 1395 1396 1397 1398 1399 1767 1904 
1402 1403 1404 
1401 1403 1404 
1401 1402 1404 
1401 1402 1403 1533 1534 2666 2667 
338 339 1909 1406 
338 339 1405 1909 
120 819 
1410 1411 1412 1413 1409 
1408 1412 1413 
1408 1411 1412 1413 
1408 1410 1412 1413 
628 1341 1342 1347 1352 1353 1354 1408 1409 1410 1411 1413 
628 1341 1342 1347 1352 1353 1354 1408 1409 1410 1411 1412 
920 921 922 2236 1621 
60 62 500 1920 
2870 2521 
2145 2146 2147 2302 
383 1419 1420 
383 1418 
614 1418 
1093 1471 1422 
1421 1471 
705 2549 
2179 2180 2181 2864 
1443 
2689 
1319 
1319 
1319 
369 1039 1689 1541 1542 1431 
369 1039 1430 1626 1627 1689 1541 1542 
1441 
189 190 917 1443 
899 
1440 1441 1442 2624 2625 2095 2097 
686 1100 2059 2060 
1250 2196 2197 
2301 2307 1439 1444 1445 
1438 2301 2307 1444 1445 
1435 1441 1442 
1432 1435 1440 1442 
1435 1440 1441 
189 190 197 200 215 216 1425 1433 1489 1490 1492 
647 1438 1439 2356 2358 2362 1445 
647 1438 1439 1444 2356 2358 2362 
1221 1222 1224 
248 1290 
1244 2536 
1244 1450 
1244 1449 
1244 2564 
2092 
1244 
824 
41 1134 1135 
41 1130 1132 
2784 2785 2786 2787 1508 
163 2718 1459 
1458 
2383 1735 
333 600 1465 1483 
2430 1463 1464 
1462 1464 
1462 1463 
600 1461 1483 
1630 1769 1770 
1310 2343 
2865 
2692 
529 614 1472 1473 
1421 1422 
1470 2317 1473 
1470 1472 
70 862 2736 
622 2782 2783 
69 1898 1540 
2789 2253 
550 2692 1479 
1478 
1200 1203 1204 2757 
874 1531 
759 1717 1484 1485 2276 1723 1724 1725 1726 
1461 1465 
366 482 483 1482 1685 1485 2276 
367 482 483 1482 1484 1685 2276 
1493 1494 1491 
701 
484 752 899 
1443 1490 1492 
1443 1489 1492 1802 
789 790 791 792 793 1240 1486 
1443 1489 1490 
1486 1494 1505 1507 1508 
1486 1493 
1915 2167 
1915 
220 1498 1499 
728 902 1497 1499 
1497 1498 
814 1255 1256 1257 1258 1259 1503 
523 865 
55 700 
814 1255 1256 1257 1258 1259 1500 
1211 1784 2820 1510 
1493 1507 
269 623 1871 1509 2421 1860 1861 
1493 1505 
739 1457 1493 2040 
1506 2421 
1211 1504 1784 2820 
1211 
316 317 327 328 693 694 1513 2114 2115 
316 317 327 328 693 694 1512 2114 2115 
1070 1515 
1070 1071 1514 
350 351 2821 
1529 
2522 2525 2526 2423 
1520 1521 1522 1524 1525 1526 1538 1539 1558 1559 1572 1573 1582 1583 
1519 1521 1522 
1519 1520 1522 
1519 1520 1521 
484 
1519 1525 1526 
118 174 1519 1524 2755 1526 2759 2760 2761 2762 
1519 1524 1525 
1271 1275 
292 668 1049 2339 
1517 2223 2342 
906 1320 1784 1859 1864 
1481 
268 1236 1550 1555 2082 
1404 2682 2683 1534 
1404 1533 2682 2683 
1334 1545 1546 
2676 2677 2682 2683 1537 
1536 2676 2677 2682 2683 
1519 1539 
1519 1538 
69 1476 1898 
1430 1431 1542 
1430 1431 1541 
1553 
253 254 2571 2648 2649 
1082 1083 1535 
1535 
447 2476 2477 2354 2355 1815 1816 2227 2228 2229 2094 
2551 2556 1551 1552 
630 
527 691 692 1198 1532 1964 1965 1555 1565 1567 2238 
1548 1552 
1548 1551 
432 1543 1884 1966 
2698 2699 
1532 1550 1565 1567 
1362 
102 
1519 2445 2446 1559 
1519 1558 2445 2446 
1096 1097 
431 2603 2629 2533 
1289 1291 2083 2084 1563 1564 
1289 1291 1562 2083 2084 1564 
1289 1291 1562 1563 2083 2084 
1550 1555 1567 
134 135 136 1285 1569 
1550 1555 1565 
1630 1639 1642 
128 1566 2249 
129 1974 
2001 
1519 1573 
1519 1572 
807 913 2718 2840 
1580 1577 1579 
163 
171 172 572 573 1575 1580 1579 
1310 1826 2028 2176 1862 
171 172 572 573 1575 1577 1580 
1575 1577 1579 
536 1601 2552 2555 1619 1620 
1519 
1519 
2527 
757 2034 
2573 
466 467 1588 
466 467 1587 
64 
2479 2480 2481 1591 
1590 2479 2480 2481 
2479 2480 2481 
2479 2480 2481 
2479 2480 2481 
1016 1599 
2627 1863 1603 1944 
1752 
1973 2645 1657 
1029 1595 1625 
1612 
536 1581 1619 1620 
1 2 2627 1725 1603 
1 2 1596 1602 2627 1725 
683 684 685 2185 1605 
683 684 685 1604 2185 
1059 2392 2499 
214 453 
1333 2403 1884 
1123 2253 1610 
1123 1609 2253 
1617 1613 1616 
648 1600 1789 2041 
464 465 466 467 1611 2301 2307 1617 1616 
55 1835 
940 1924 2383 2434 
464 465 466 467 1611 1613 2301 2307 1617 
1611 1613 1616 
778 910 
1581 1601 1620 
477 1581 1601 1619 
919 920 921 922 937 1414 1805 1873 2775 2776 
707 715 2697 1623 
715 1622 2697 
1321 
1599 
1431 1627 1639 
1431 1626 1639 
1635 1636 1637 1638 1640 1646 1647 
42 433 438 780 781 2851 2189 2190 
1466 1568 1769 1770 1771 1772 1777 1778 1937 
275 276 283 512 1010 2839 1632 1639 
275 276 514 516 1631 2839 1639 
880 2582 1975 1976 
805 996 
1628 1636 1637 1638 1640 1646 1647 
1168 1628 1635 1637 1638 1640 1646 1647 
1628 1635 1636 1638 1640 1646 1647 
1197 1628 1635 1636 1637 1640 1646 1647 
427 877 1568 1626 1627 1631 1632 2740 2741 2742 2639 
1628 1635 1636 1637 1638 2363 2227 2369 1646 1647 2373 2374 
1645 1643 1644 
1568 
171 172 308 312 1641 1645 1644 
171 172 308 312 1641 1643 1645 
1641 1643 1644 
1628 1635 1636 1637 1638 1640 1647 
158 162 1355 1628 1635 1636 1637 1638 1640 1646 
2654 1652 
1650 1651 1660 1661 1664 
1649 1651 1660 1661 1664 
124 200 1649 1650 2178 1660 1661 1948 1664 
1648 2654 
867 1654 1655 1656 1658 1659 
867 1653 1655 1656 1658 1659 
867 1653 1654 1656 1658 1659 
867 1653 1654 1655 1658 1659 
1598 2645 
867 991 1653 1654 1655 1656 1659 1662 1663 
860 863 867 1653 1654 1655 1656 1658 1662 1663 
1649 1650 1651 1661 1664 
1649 1650 1651 1660 1664 
112 118 695 696 867 1658 1659 1663 2653 
117 118 287 695 696 867 1658 1659 1662 2506 2653 
419 1649 1650 1651 1660 1661 
1668 2136 
449 960 1115 1667 
1115 1666 
1665 2588 
1670 1672 1673 1671 
1669 1672 1673 1671 
589 801 1669 1670 2202 1672 1673 2387 2389 2391 
1669 1670 1671 1673 
1669 1670 1671 1672 
237 2168 
1130 2357 
1130 1132 
1130 1132 
1130 1132 2332 
324 325 
1681 
353 1377 1680 
152 1321 2549 
2209 2495 2496 2498 
1685 
480 482 483 1484 1485 1684 
1687 1688 
1686 1986 
100 181 1686 
157 1102 1430 1431 
464 465 658 1691 1696 1697 
464 465 658 1690 1696 1697 
2719 1693 
537 1692 1793 2719 2723 
143 901 1349 1695 
143 901 1349 1694 
658 1690 1691 1697 
658 1690 1691 1696 
110 111 
110 111 
2243 2244 1701 
1700 2243 2244 
2886 1703 
1702 2886 
226 227 466 467 1705 2462 2463 
226 227 466 467 1704 2462 2463 
226 227 1707 
226 227 1706 
1709 1710 1711 
1708 1710 1711 
1708 1709 2549 1711 1744 1745 1746 1747 
1708 1709 1710 2549 1744 1745 1746 1747 
1914 1713 1714 1715 
1712 1914 1714 1715 
1712 1713 1914 1715 
1712 1713 1714 1915 
250 617 
468 759 1077 1482 1868 
157 
2037 
502 999 1955 2470 
831 1722 
831 1721 
759 1482 1724 
759 1482 1723 
759 1482 1602 1603 1726 
759 1482 1725 
1972 1728 1729 1730 1731 1732 1733 1734 
1727 1972 1729 
1727 1728 1972 
1727 1972 1731 
1727 1730 1972 
1727 1972 1736 1737 1738 1733 
1727 1732 1811 1972 
1727 1972 
238 1460 2166 2383 2513 
1732 1737 1738 
1732 1736 1738 
1732 1736 1737 
1740 1742 
1739 1742 
6 1147 1148 
1181 1739 1740 
1799 2592 2006 2593 
1710 1711 1745 
1710 1711 1744 
1710 1711 2562 
1710 1711 
264 
823 1750 
148 725 823 838 1216 1217 1218 1749 1751 
672 1750 
1040 1597 
631 632 633 1206 1207 1754 
631 632 633 1206 1207 1753 
633 1756 1757 1758 1759 
633 1755 1757 1758 1759 
633 1755 1756 1758 1759 
201 202 203 204 633 1755 1756 1757 1759 
201 202 203 204 633 1755 1756 1757 1758 
2250 
1763 1765 
1764 2534 
1761 1766 
1762 2534 
657 1761 1766 
657 1763 1765 
53 73 76 1400 1981 1920 
660 661 
1466 1630 1770 
1466 1630 1769 
910 1630 1772 
1630 1771 
71 72 762 1774 1775 1776 
762 1773 1775 1776 
71 72 1773 1774 2579 1776 
40 71 72 1773 1774 1775 
1630 1937 1778 
1630 1777 1937 
886 
929 933 1185 1386 1387 2599 2600 2318 2319 
1810 1782 1783 
1781 1810 1783 
1781 1782 1810 
1320 1504 1510 1530 1859 1864 
1925 
878 2691 
244 2287 2288 
659 2239 
648 656 1612 
259 984 
75 77 78 
534 537 1793 1827 
537 1693 1792 1827 
349 875 2108 2172 1795 1796 
349 875 1794 2108 2172 1796 
349 875 1794 1795 2108 2172 
1226 1227 1798 
1226 1227 1797 
1743 
2289 2707 2720 2721 
943 945 950 
1490 
817 
1106 1108 
920 921 922 1331 1621 
642 644 645 1807 
642 644 645 1806 
2737 
52 678 680 681 
794 795 796 1169 1190 1781 1782 1783 1811 
183 1733 1810 
122 123 129 
326 1814 1934 
326 1813 
1547 1968 1816 
1547 1815 
262 1114 1293 1818 1819 1820 
262 1114 1293 1817 1819 1820 
436 1817 1818 1820 
436 530 1817 1818 1819 2824 
928 
660 661 
68 
619 620 2530 2423 
1058 1887 
1578 
537 1792 1793 
860 863 2845 
860 863 872 1830 
860 863 872 1829 
293 930 2218 
860 863 
36 
342 2057 
777 1614 
189 1299 1300 2528 2529 
366 1023 
1016 2448 
344 1304 2638 
2037 2039 2041 
2620 2630 1844 1845 1847 1848 
1844 1845 1847 1848 
179 180 182 1167 2846 
1841 1842 1845 1847 1848 1849 1850 
1841 1842 1844 1847 1848 1849 1850 
958 2329 2331 2333 
1841 1842 1844 1845 1848 1849 1850 
1841 1842 1844 1845 1847 1849 1850 
1844 1845 1847 1848 1850 
1844 1845 1847 1848 1849 
164 1852 1853 1854 1855 1856 1857 1987 1988 1989 
164 1851 1853 1990 1991 1854 1855 1856 1857 1987 1992 1993 1988 1989 
164 1851 1852 1854 1855 1856 1857 1987 1988 1989 
1851 1852 1853 2549 1855 1856 1857 
1851 1852 1853 1854 2549 1856 1857 
1851 1852 1853 1854 1855 2549 1857 
1851 1852 1853 1854 1855 1856 2549 
1240 
1320 1530 1784 1864 
1506 2621 2622 
1506 
1578 
1596 2107 
1530 1784 1859 
2201 
53 73 76 2706 1867 
1866 
1717 
381 581 2380 
760 827 1319 2482 
1506 1875 1878 
2159 1874 1876 1877 1879 1881 
920 921 922 1621 
1872 1876 1887 1888 1889 1890 1879 1881 1891 
1871 1878 
1872 1874 
1090 1872 1895 1892 1882 
1871 1875 
1872 1874 
888 890 891 
1872 1874 
1090 1877 1892 
1144 2125 
596 1553 1608 
401 609 2179 2180 2181 
459 1031 1032 1228 
1058 1825 1874 1963 1888 2660 1889 1890 1891 
1874 1887 1963 1889 1890 
1874 1887 1888 1890 
1874 1887 1888 1889 
1028 1874 1887 
1090 1877 1882 
863 2062 1894 
863 1893 
1877 
607 608 2844 1897 
607 608 1896 2844 
69 1476 1540 
1107 1911 
1341 1342 2778 1901 
1900 
151 2515 
2232 2233 2234 
1044 1045 1054 1400 2209 1905 1906 
1904 2209 1906 
1904 1905 2209 
53 73 76 454 
2384 2383 
338 1106 1108 1405 1406 
2655 2656 
753 1899 
1916 1917 
630 
1712 1713 1714 
137 1495 1496 1715 2636 2637 
1912 1917 
727 954 955 1912 1916 
2033 2053 2064 
673 1922 
60 62 500 1415 1767 
802 803 1182 2070 
673 1919 
919 
940 1615 2383 
334 1785 
2350 1927 
1926 2351 
1929 1930 1931 1932 1933 
1928 1930 1931 1932 1933 
1928 1929 1931 1932 1933 
1928 1929 1930 1932 1933 
1928 1929 1930 1931 2686 2687 1933 
1928 1929 1930 1931 1932 2686 2687 
1813 
2521 
731 788 2224 2240 
1630 1777 1778 2542 2544 
792 793 1939 
792 793 1938 
1941 1942 1943 1945 1946 
1940 2030 1942 1943 1945 1946 
1940 1941 1943 1945 1946 
1299 1300 1302 1303 1940 1941 1942 2855 1945 1946 
736 737 1596 
1304 1309 1940 1941 1942 1943 1946 
1940 1941 1942 1943 1945 
2886 
124 200 303 1651 1949 2011 
1948 
1992 1993 1951 
1950 1992 1993 
520 521 522 649 1306 
1956 
142 1179 
759 1720 2470 1957 1958 
600 1953 2202 
1955 1958 
1955 1957 
256 2212 
802 894 895 898 1283 1961 
803 894 895 898 1284 1960 
677 787 2779 
1887 1888 
1198 1550 1965 
1198 1550 1964 
1553 
727 
1815 
2745 2280 2281 1970 
1969 2745 2280 2281 
1117 1127 1128 
1727 1728 1729 1730 1731 1732 1733 1734 
1598 
1570 1980 1982 1984 1985 
880 1633 1976 
880 1633 1975 
1979 1981 1983 
1079 
225 1977 1981 1983 
132 133 134 135 136 1974 
53 73 76 1767 1977 1979 1983 
1974 1984 1985 
1977 1979 1981 
1974 1982 1985 
1974 1982 1984 
1687 
1851 1852 1853 2586 
610 1851 1852 1853 
1851 1852 1853 
1852 1991 
1852 1990 
1852 1950 1951 1993 
1852 1950 1951 1992 
1076 2021 2022 2429 2435 2436 
2758 
2758 
2021 2022 
2758 
481 1067 2817 
2811 
68 1571 2002 
68 442 2001 
1129 1144 2543 2004 
460 1144 2003 
2061 
55 938 939 1743 2420 2592 2213 2593 
1035 
1057 2009 2010 
1057 2008 2010 
1057 2008 2009 
1948 
2013 2014 2015 2016 
2012 2014 2015 2016 
2012 2013 2023 2024 2015 
2012 2013 2014 2023 2024 
2012 2013 2681 
2018 2019 2021 2022 2026 2027 
2017 2019 2021 2022 2026 2027 
2017 2018 2021 2022 
593 813 900 2404 
1076 1994 1997 2017 2018 2019 2022 
1076 1994 1997 2017 2018 2019 2021 
2014 2015 2025 2194 2024 
2014 2015 2023 2025 2194 
2023 2024 2194 
2017 2018 2027 
2017 2018 2026 
1578 2176 
2578 
1941 
2032 2033 2036 
2031 
1918 2031 2042 2069 2053 2063 2064 
394 757 969 1585 
394 969 
210 2031 2042 
1719 1840 2039 
2696 
1840 2037 
1508 
656 1612 1840 
2033 2036 2044 2063 
797 2051 
2042 2063 
718 2196 2197 
559 560 561 
677 1235 2066 2067 
2110 2049 
2048 2110 2864 
936 1047 2403 
2043 
1228 1230 2441 2058 
1918 2033 2064 
2730 
337 2583 
566 569 2428 2620 2272 
686 1100 1834 
685 2052 
683 684 685 686 840 1436 2185 2060 
683 684 685 686 840 1436 2059 2185 
739 1033 2005 
79 863 1893 2501 
1271 1273 1274 2033 2042 2044 
1918 2033 2053 
2199 2128 
677 1235 2047 2067 
677 1235 2047 2066 
932 2133 2167 
2033 
866 1921 2177 2832 2071 2074 
2070 2177 2143 2623 2072 2073 2074 
2071 2177 2073 2074 
2071 2072 2177 2074 
2070 2071 2072 2073 2177 
2076 2077 2078 
2075 2077 2078 
2075 2076 2109 2078 
2075 2076 2077 2109 
877 2080 
2079 
18 
268 1087 1192 1193 1236 1532 2590 
1027 1289 1291 1562 1563 1564 2574 2084 2085 
1027 1289 1291 1562 1563 1564 2083 2575 2085 
1027 2083 2084 
524 782 
832 2135 2088 
2087 
2717 2090 2091 2467 
2089 2717 2091 2467 
2089 2090 2717 2467 
334 1314 1452 
2098 2099 2094 
1547 2093 
450 1435 2756 2799 2097 
52 812 2472 
450 1435 2095 2756 2799 
2093 2099 
2093 2098 
2175 
445 524 2523 2524 2118 2119 2122 
1172 2103 
1172 2102 
966 1385 
1138 2106 
1138 2105 
1863 
349 875 1794 1795 1796 2299 
1287 2077 2078 2113 
2048 2049 2826 
2137 
733 1225 
2109 
272 362 363 364 1512 1513 2115 
272 362 363 364 1512 1513 2114 
272 2196 2197 2117 
272 2116 2196 2197 
2101 
2101 2523 2524 
436 2121 2126 
2120 2126 
2101 2372 2696 
112 114 552 2124 2125 
112 114 552 2123 
1883 2123 
2120 2121 
70 
2065 2199 
2199 2130 
2129 2199 
2426 2199 
2861 2494 2499 
932 2068 2167 
402 403 404 405 406 407 741 
2087 
1037 1665 
660 661 2111 2797 2798 2654 
37 1371 2695 2158 
1122 2816 
2141 2142 
2140 2142 2143 
2140 2141 2144 2628 
2071 2141 2144 
2142 2143 
1417 2146 2147 2148 
1417 2145 2147 
1417 2145 2146 
2145 
1093 2691 
2151 
1371 2150 
2383 2153 
2152 
382 443 2610 
70 2657 
2517 
2165 2166 
2138 
1872 
2674 2675 2688 2690 2161 2162 
2160 2674 2675 2688 2690 2162 
2160 2161 2674 2675 2688 2690 
2674 2675 2164 
2163 2674 2675 
2157 2166 
1735 2157 2165 
932 1495 2068 2133 
1205 1674 2536 
1201 1202 
697 698 761 972 973 2171 
697 698 761 972 973 2170 
349 875 1794 1795 1796 
2174 
448 1357 1383 2173 
763 767 2100 
1578 2028 
2070 2071 2072 2073 2074 2178 
1651 2177 
615 1424 1885 2180 2181 2385 
615 1424 1885 2179 2181 2385 
615 1424 1885 2179 2180 2385 
792 793 2183 
792 793 2182 
792 793 
683 684 685 686 1604 1605 2059 2060 2186 2187 2188 
2185 2187 2188 
687 2185 2186 2188 
688 689 690 1243 2185 2186 2187 
42 433 438 780 781 1629 2190 
42 433 438 780 781 1629 2189 
290 1038 2192 
290 1038 2191 
2196 2197 
2023 2024 2025 
476 1252 
272 1085 1086 1250 1437 2045 2116 2117 2193 2216 2197 
272 1085 1086 1250 1437 2045 2116 2117 2193 2196 2216 
953 1339 
2065 2128 2129 2130 2131 
2249 
260 953 1865 2794 
207 599 607 608 1671 1956 2769 
184 
211 270 271 2205 
211 2204 2206 
211 2205 
2617 2618 2208 
2207 
1683 1904 1905 1906 
2518 2520 2211 2218 2225 2232 2233 2234 2235 2250 2251 2252 2253 
2210 2518 2520 2218 2225 2232 2233 2234 2235 2250 2251 2252 2253 
256 1959 2518 2520 
2006 2214 2215 
2213 2215 
2213 2214 
2196 2197 
1030 
293 294 295 296 297 298 299 300 301 302 1831 2210 2211 2225 2235 
2220 2221 2222 
2219 2221 2222 
2219 2220 2222 
2219 2220 2221 2285 
1529 2342 2242 
440 968 1936 2240 2767 
1325 1326 2210 2211 2218 2235 
326 2397 2398 2399 2400 2401 2242 2780 2781 
1395 1547 1640 2363 2369 2228 2229 2242 2373 2374 2375 
1547 2227 2229 2242 
1547 2227 2228 2242 
778 
813 1241 2583 
1903 2210 2211 2233 2234 
1903 2210 2211 2232 2234 
1903 2210 2211 2232 2233 
2210 2211 2218 2225 
1138 1414 2245 
2870 
1198 1550 
659 1788 
437 440 1936 2224 
648 
2223 2226 2227 2228 2229 2254 
768 769 770 771 772 1700 1701 2527 2244 
768 769 770 771 772 1700 1701 2243 2527 
2236 
1095 2831 
2248 2249 
2247 2249 
1569 2200 2247 2248 
1760 2210 2211 
2210 2211 
2210 2211 
1477 1609 1610 2210 2211 
630 2242 
235 2609 
2257 2267 
2256 2267 
69 615 2259 2260 2263 
69 615 2258 2260 2263 
2258 2259 
2264 
851 852 1043 
2258 2259 
838 2261 
1237 2266 
325 1202 1237 2265 
1025 2256 2257 
217 2680 2270 
2816 
288 2268 
103 720 1264 1265 2286 
566 569 2056 
265 
2275 2278 2279 
2274 2278 2279 
1482 1484 1485 
239 241 528 
925 926 927 976 1088 2274 2275 2279 
925 926 927 976 1088 2274 2275 2278 
1343 1344 1969 1970 2281 
1343 1344 1969 1970 2280 
570 1150 
87 
1166 
152 2222 
720 1264 1265 2271 2557 
1787 2288 
1787 2287 
1800 2343 
2291 2292 2293 2294 2296 2297 2298 
2290 2292 2293 2294 2296 2297 2298 
2290 2291 2293 2301 2307 
2290 2291 2292 2301 2307 
2290 2291 2296 2297 2298 
265 1265 
2290 2291 2294 2297 2298 
2290 2291 2294 2296 2298 
2290 2291 2294 2296 2297 
1169 2108 
1007 
370 1438 1439 1613 1616 2292 2293 2306 2307 
245 1417 2303 
245 2302 
370 372 379 380 395 396 2305 2306 2311 2312 2313 2314 2326 2327 2328 2320 2321 
370 372 379 380 395 396 2304 2306 2311 2312 2313 2314 2326 2327 2328 2320 2321 
370 2301 2304 2305 2307 2324 2325 
370 1438 1439 1613 1616 2292 2293 2301 2306 
1188 2315 2316 
2310 2322 2323 
2309 2322 2323 
395 2304 2305 2312 2313 2314 
395 2304 2305 2311 2313 2314 
395 2304 2305 2311 2312 2314 
395 2304 2305 2311 2312 2313 
1188 2308 2316 
1188 2308 2315 
1472 2402 
1780 
1780 
2304 2305 2321 
2304 2305 2320 
540 2309 2310 2652 2323 
540 2309 2310 2322 2652 
370 2306 2359 2360 2361 2325 
370 2306 2324 2359 2360 2361 
396 2304 2305 2327 2328 
396 2304 2305 2326 2328 
396 2304 2305 2326 2327 
958 1846 2331 2333 
6 1151 2332 
958 1846 2329 2333 
6 1151 1678 2330 
703 704 706 958 1846 2329 2331 
2381 2382 2335 2815 
2334 2381 2382 2815 
77 
64 1298 
38 2692 2787 
1049 1528 2794 
547 1336 
1244 
1529 2223 
1165 1467 2289 
2686 2687 2345 2346 
2344 2686 2687 2346 
2344 2345 
1299 2348 2349 
1299 2347 2349 
1299 2347 2348 
1926 2351 2377 2378 
1927 2350 2377 2378 
1049 
1252 
447 1547 2355 
447 1547 2354 
647 1444 1445 2358 2362 
913 1130 1675 2376 
647 1444 1445 2356 2362 
2324 2325 2620 2360 2361 
2324 2325 2359 2361 
2324 2325 2359 2360 
647 1444 1445 2356 2358 
1640 2227 2369 2373 2374 
971 2366 2367 
1049 
2364 2367 
2364 2366 
1308 2379 2380 
1395 1640 2227 2363 2373 2374 2375 
1152 2371 
450 1152 2370 
2122 
1640 2227 2363 2369 2374 
1640 2227 2363 2369 2373 
2227 2369 
1145 1245 2357 
6 665 1151 1154 2350 2351 2378 
6 666 1151 1155 2350 2351 2377 
2368 2380 
381 581 1869 2368 2379 
2334 2335 2382 2815 
2334 2335 2381 2815 
36 940 1460 1615 1735 1908 1924 2152 2384 2434 
734 1908 2383 
2179 2180 2181 
105 2388 2390 
801 1671 
38 105 2386 2390 
1671 2391 
105 287 2386 2388 
1671 2389 
1059 1606 2499 
607 608 
484 1063 2395 
484 1064 2394 
56 441 682 1012 1013 1014 2605 
2226 2398 2399 2400 2401 
2226 2397 2399 2400 2401 
1247 2226 2397 2398 2400 2401 
426 2226 2397 2398 2399 2401 
2226 2397 2398 2399 2400 
2317 2886 
592 593 1146 1608 2050 2405 2406 
593 2020 
2403 2406 2537 
2403 2405 2537 
208 209 1117 2408 2409 
208 209 1117 2407 2409 
208 209 1117 2407 2408 
377 912 
461 1172 2413 
799 1312 
1172 2411 
398 909 2415 2416 
398 909 2414 2416 
398 909 2414 2415 
1040 
1040 
1040 
2006 
1506 1509 
562 629 
962 963 1518 1824 
2425 
1079 2424 
677 2131 
997 998 
284 2056 2620 
1076 1994 2435 
260 1462 
971 2432 2433 2437 
2431 2433 2437 
2431 2432 2437 
1615 2383 
1076 1994 2429 
1076 1994 
2431 2432 2433 
600 2439 
2438 
306 2837 2840 2447 2519 
1228 1230 2052 
755 911 2444 2726 2727 2728 2729 
1106 1108 1244 2791 
2442 2726 2727 2729 
1558 1559 2446 
1558 1559 2445 
810 2440 2810 
210 556 1838 2450 
668 2452 2454 
210 1089 2448 
2452 
2449 2451 2454 2457 
2747 2748 2749 2750 2751 2455 2456 
2449 2452 2457 
2453 2747 2748 2749 2750 2751 2456 
2453 2455 2747 2748 2749 2750 2751 
2452 2454 
660 661 
2747 2748 2749 2750 2751 
1322 2747 2748 2749 2750 2751 
2747 2748 2749 2750 2751 
1704 1705 2541 2463 2464 2465 2466 
1704 1705 2462 2541 2464 2465 2466 
2462 2463 2541 2465 2466 
2462 2463 2464 2541 2466 
2462 2463 2464 2465 2541 
358 2089 2090 2091 2717 
246 
337 340 2579 
710 1164 1720 1955 2471 
2470 
52 812 2096 
1296 
2475 2476 2477 
2474 
1547 2474 2477 
1547 2474 2476 
252 
1590 1591 1592 1593 1594 2480 2481 2484 2485 2486 
1590 1591 1592 1593 1594 2479 2481 2484 2485 2486 
1590 1591 1592 1593 1594 2479 2480 2484 2485 2486 
1870 2484 2485 2486 2487 2488 2489 2490 2491 
34 
2479 2480 2481 2482 2485 2486 2487 2488 2489 2490 2491 
2479 2480 2481 2482 2484 2486 2487 2488 2489 2490 2491 
2479 2480 2481 2482 2484 2485 2487 2488 2489 2490 2491 
2482 2484 2485 2486 2488 2489 2490 2491 
2482 2484 2485 2486 2487 2489 2490 2491 
2482 2484 2485 2486 2487 2488 2490 2491 
2482 2484 2485 2486 2487 2488 2489 2491 
2482 2484 2485 2486 2487 2488 2489 2490 
47 173 
986 2494 
986 2132 2493 2861 
1683 2496 2498 
1683 2495 2498 
986 
1683 2495 2496 
336 532 627 1052 1059 1606 2132 2392 2696 2754 2500 
2499 
140 2062 2534 
210 
85 86 629 882 
1138 2692 
997 998 2506 2653 
997 998 1663 2505 
676 2508 2511 
676 2507 2511 
634 2510 
634 2509 
2507 2508 2737 2770 
634 2816 
49 238 911 1735 2514 
911 2513 
36 911 1902 2516 
563 564 911 2515 
34 911 2156 
2210 2211 2212 2520 
2440 
2210 2211 2212 2518 
1082 1083 1416 1935 
1518 2757 2523 2524 2525 2526 
2101 2119 2522 2524 
2101 2119 2522 2523 
1518 2522 2526 
1518 2522 2525 
330 331 332 1584 2243 2244 2528 
189 1836 2527 2529 
189 1299 1300 1836 2528 
1824 2764 
2532 2699 
2531 2699 
431 1561 2558 2559 2725 
1762 1764 2501 
22 23 27 245 247 630 
1448 2168 
2405 2406 
1213 2866 
1152 
1208 1209 2541 2545 2546 2547 
1208 1209 2462 2463 2464 2465 2466 2540 2545 2546 2547 
1026 1937 2544 
1129 1144 2003 
1026 1937 2542 
1208 1209 2540 2541 2546 2547 
1208 1209 2540 2541 2545 2547 
1208 1209 2540 2541 2545 2546 
1210 1212 
152 1423 1682 1710 1711 1854 1855 1856 1857 2659 
64 
28 934 1548 2556 2565 
1581 2553 2554 
2552 2554 
2552 2553 
1581 
1548 2551 
2286 
2533 2559 
2533 2558 2635 
642 644 645 2561 
642 644 645 2560 
1251 1746 2698 2699 
875 
1244 1451 
1026 2551 
1082 1083 
2568 2569 2570 
2567 2569 2570 
2567 2568 2570 
1319 2567 2568 2569 
1544 
904 905 2573 
904 905 1586 2572 
2083 2575 
2084 2574 
2580 2581 
1088 
345 346 2029 2583 
200 1775 2469 
942 952 2576 2581 
942 952 2576 2580 
71 72 762 874 1633 
345 346 741 2055 2231 2578 
292 
2586 2587 
1987 2585 2632 2587 
2585 2586 
1668 
2646 2701 2702 2703 2704 2705 
2082 
8 10 102 
1743 2006 2593 
1743 2006 2592 
2668 2669 2670 2671 2684 2685 
394 969 2596 
394 969 2595 
1003 
842 843 2610 
1780 2600 
1780 2599 
2757 2602 
2601 2757 2758 
431 1561 2604 
2603 
2396 2606 
1219 2605 
160 161 2608 2611 2612 2613 2614 2615 2616 2619 
160 161 2607 2611 2612 2613 2614 2615 2616 2619 
489 2255 2617 2618 2765 2766 
83 843 2154 2598 
2607 2608 2612 2613 2614 2615 2616 2619 
2607 2608 2611 2613 2614 2615 2616 2619 
2607 2608 2611 2612 2614 2615 2616 2619 
2607 2608 2611 2612 2613 2615 2616 2619 
2607 2608 2611 2612 2613 2614 2616 2619 
2607 2608 2611 2612 2613 2614 2615 2619 
1184 2207 2609 2618 
834 1184 1305 2207 2609 2617 
2607 2608 2611 2612 2613 2614 2615 2616 
284 1841 2056 2359 2428 
1860 2622 
1860 2621 
2071 2628 
1435 2625 2626 
1435 2624 2626 
2624 2625 
1596 1602 1603 2632 
2142 2623 
1561 2644 
879 1841 
1134 1143 2833 2834 
2586 2627 
391 2634 2635 
391 2633 2635 
391 2559 2633 2634 
1183 1324 1915 2646 2647 2796 2637 
1183 1324 1915 2636 2646 2647 2796 
344 1067 1304 1839 
1639 
1007 
657 764 
1243 2643 
1243 2642 
2629 
1598 1657 2660 
2589 2636 2637 2701 2702 2703 2704 2705 2647 
2636 2637 2646 
253 254 1544 2649 
253 254 1544 2648 
247 253 254 2651 
247 253 254 2650 
1 1153 1311 2322 2323 
1662 1663 2505 
1648 1652 2137 2817 
1331 1910 2656 
1331 1910 2655 
70 2155 
2660 
2549 
1058 1887 2645 2658 
2662 2665 
2661 2665 
423 424 2665 2682 2683 2666 2667 2684 2685 2686 2687 2688 2690 
245 247 255 1084 
423 424 2661 2662 2663 2682 2683 2666 2667 2684 2685 2686 2687 2688 2690 
645 1404 2663 2665 2667 2668 2669 2670 2671 2674 2675 2681 2676 2677 
645 1348 1404 2663 2665 2666 2668 2669 2670 2671 2674 2675 2681 2676 2677 
2594 2666 2667 2669 2670 2671 
2594 2666 2667 2668 2670 2671 
2594 2666 2667 2668 2669 2671 
2594 2666 2667 2668 2669 2670 
409 2673 
409 2672 
91 92 93 94 95 2160 2161 2162 2163 2164 2666 2667 2675 
91 92 93 94 95 2160 2161 2162 2163 2164 2666 2667 2674 
1536 1537 2666 2667 2677 
643 1536 1537 2666 2667 2676 
2679 2680 
671 2678 2680 
1175 1176 2268 2678 2679 
1348 1350 1351 2016 2666 2667 
642 644 1533 1534 1536 1537 2663 2665 2683 
642 644 1533 1534 1536 1537 2663 2665 2682 
2594 2663 2665 2685 
2594 2663 2665 2684 
253 254 1932 1933 2344 2345 2663 2665 2687 
253 254 1932 1933 2344 2345 2663 2665 2686 
2160 2161 2162 2663 2665 2690 
759 1426 
2160 2161 2162 2663 2665 2688 
878 1786 2149 
38 550 1469 1478 2338 2504 2786 
1101 1102 1103 1104 2694 2714 
1101 1102 1103 1104 2693 
1371 2138 
2038 2122 2499 
310 311 318 1286 1622 1623 
1554 2562 2699 
1554 2531 2532 2562 2698 
1337 
1196 2589 2646 2702 2703 2704 2705 
2589 2646 2701 2703 2704 2705 
2589 2646 2701 2702 2704 2705 
2589 2646 2701 2702 2703 2705 
2589 2646 2701 2702 2703 2704 
53 1866 
87 1800 2708 2711 2709 2710 
2707 2711 
87 2707 2710 
2707 2709 
87 2707 2708 
2713 2718 2719 2722 
2712 2718 2723 2722 
2693 2715 2738 
2714 2738 
602 
2089 2090 2091 2467 
163 1458 1574 2712 2713 2837 2810 2723 2840 
1692 1693 2712 
1800 
1800 
52 1110 1111 1112 1113 1127 2712 2713 
1693 2713 2718 
868 869 878 1388 1389 
2533 
2442 2444 2727 
2442 2444 2726 
96 2442 
2442 2444 
134 135 136 970 2054 
237 1057 
790 
2734 
1276 2733 2736 
2736 
1474 2734 2735 
676 1808 2511 
484 1101 1104 2714 2715 
218 219 
1639 2741 2742 
1639 2740 2742 
1639 2740 2741 
629 1101 1102 1103 1104 
249 
1348 1350 1351 1969 1970 
1106 1108 1150 1166 
854 2453 2455 2456 2459 2460 2461 2748 2749 2750 2751 
854 2453 2455 2456 2459 2460 2461 2747 2749 2750 2751 
854 2453 2455 2456 2459 2460 2461 2747 2748 2750 2751 
854 2453 2455 2456 2459 2460 2461 2747 2748 2749 2751 
854 2453 2455 2456 2459 2460 2461 2747 2748 2749 2750 
565 570 1150 
2757 2758 
1052 2499 
117 118 174 175 176 1525 2759 2760 2761 2762 
145 954 955 2095 2097 
700 1480 2522 2601 2602 2753 2758 
1995 1996 1998 2602 2753 2757 
113 118 1525 2755 2760 2761 2762 
118 1525 2755 2759 2761 2762 
118 1525 2755 2759 2760 2762 
114 118 1525 2755 2759 2760 2761 
335 785 
607 608 2530 
489 2609 2766 
489 2609 2765 
2224 
538 1093 2801 2805 
599 2202 
607 608 676 2511 
488 
607 608 676 
2789 
1310 
920 921 922 1621 2776 
920 921 922 1621 2775 
286 
1341 1342 1900 
787 1962 
2226 2781 
2226 2780 
622 932 1475 2783 
622 932 1475 2782 
1457 2785 
1457 2784 
1001 1002 1457 2692 2787 
1001 1002 1124 1457 2338 2786 
2789 2790 
1477 2773 2788 
2788 
429 1244 2443 
171 172 2793 
171 172 2792 
2201 2339 
730 2870 
307 2636 2637 
660 661 2137 2798 
660 661 2137 2797 
2095 2097 2802 2803 2804 2806 2807 2808 2809 2815 
727 
22 23 27 538 2768 2805 2811 2819 
2799 2803 
2799 2802 
2799 
538 2768 2801 2811 2819 
2799 
2799 
2799 
2799 
159 2447 2718 2840 
538 2000 2801 2805 2819 
2813 2814 2817 2816 
2812 2814 2817 2816 
2812 2813 2817 2816 
2334 2335 2381 2382 2799 
153 371 2139 2269 2512 2812 2813 2814 2817 2867 
1999 2654 2812 2813 2814 2816 
984 985 1107 
538 1362 2801 2805 2811 
1504 1510 
350 351 1516 
320 
1243 
1820 
792 793 1098 
354 2110 2827 2836 
354 2826 2836 
970 1114 
802 803 
515 847 
861 1095 2246 
3 4 1105 2070 
2631 2834 
2631 2833 
305 1065 1126 
354 2826 2827 
2440 2718 
212 446 
275 1323 1631 1632 
1574 2440 2718 2810 
38 148 287 
137 604 1358 2843 
137 604 2842 
320 607 608 1896 1897 
760 860 863 1828 
179 180 182 1167 1843 2847 2848 
2846 2848 
643 2846 2847 
320 
42 868 
1629 
1098 2853 2856 
1098 2852 2856 
1332 2858 2856 
1943 
2852 2853 2854 
41 
2854 2859 2860 
2858 2860 
2858 2859 
2132 2494 
428 883 
530 
1424 2049 
1340 1356 1468 
1213 2538 2868 2869 2871 2874 2872 2873 
68 371 2816 
2866 2869 2871 2874 2872 2873 
2866 2868 2871 2874 2872 2873 
730 1349 1381 1416 2237 2795 
2866 2868 2869 2874 2872 2873 
1206 1207 2866 2868 2869 2871 2874 2873 
1206 1207 2866 2868 2869 2871 2872 2874 
2866 2868 2869 2871 2872 2873 
291 358 1323 
707 
2878 2879 2880 2881 2882 
2877 2879 2880 2881 2882 
388 390 393 2877 2878 2880 
388 390 393 2877 2878 2879 
388 390 393 553 554 597 598 1348 1350 1351 2877 2878 2882 
388 390 393 553 554 597 598 1348 1350 1351 2877 2878 2881 
294 400 2884 
294 400 2883 
720 1187 1191 
1702 1703 1947 2402 
